1 0.451403 0.0240545 0.0353364 0.0485515 0.0474251 0.0332204 0.0282921 0.153723 0.0687936 0.0572673 0.0519334
1 0.516216 0.0309361 0.0603115 0.051568 0.048115 0.044022 0.0280276 0.0523142 0.094154 0.0440232 0.0303127
1 0.57221 0.0180873 0.0348911 0.0455893 0.0461049 0.0330271 0.0272312 0.08667 0.0570162 0.0457877 0.0333848
1 0.259389 0.0379911 0.0930183 0.0613061 0.0537801 0.0818575 0.0333252 0.103689 0.136973 0.0802919 0.0583787
1 0.330406 0.0431473 0.0852361 0.0854443 0.090291 0.0475073 0.0495205 0.0543773 0.0644681 0.0760909 0.0735107
1 0.652098 0.020523 0.0404179 0.0340994 0.0348707 0.029232 0.0217968 0.044748 0.0716926 0.0282279 0.0222938
1 0.545115 0.0284859 0.0580439 0.0508753 0.0488139 0.0389921 0.0278033 0.0481802 0.0844736 0.0404451 0.0287719
1 0.535252 0.0192338 0.0321162 0.0527393 0.0481403 0.0331361 0.0337019 0.0954802 0.0586319 0.0532298 0.0383386
1 0.570017 0.026326 0.0523745 0.050267 0.0463121 0.0389732 0.0263759 0.0452199 0.0775229 0.039408 0.027204
1 0.613338 0.025114 0.0492873 0.0417772 0.0409619 0.033564 0.0246281 0.0426828 0.0659024 0.0341969 0.0285476
1 0.405252 0.0246708 0.0378101 0.0741022 0.069361 0.0365036 0.0371012 0.123881 0.0586398 0.0723045 0.0603736
1 0.522755 0.0214074 0.0360202 0.0471201 0.0418153 0.0393605 0.0258464 0.0890012 0.077733 0.0618495 0.0370918
1 0.597851 0.0171472 0.0324718 0.039781 0.0399685 0.0315192 0.0279138 0.0743967 0.0636081 0.043045 0.0322972
1 0.420077 0.0235561 0.0401977 0.0747195 0.0703088 0.0379143 0.0409913 0.110575 0.0558834 0.0676915 0.058086
1 0.423284 0.0228751 0.0417713 0.055951 0.0558002 0.036794 0.0323429 0.152231 0.0644197 0.0627669 0.051763
1 0.394272 0.0250687 0.0479042 0.0615827 0.0637352 0.0360702 0.0345648 0.159681 0.0604427 0.0607418 0.0559366
1 0.597324 0.0168977 0.0361086 0.0457598 0.0467292 0.0340782 0.0292102 0.0574045 0.0628722 0.0430815 0.0305344
1 0.524226 0.0188772 0.0318076 0.0509647 0.0451867 0.0369303 0.0323847 0.099455 0.0664579 0.0569135 0.0367962
1 0.548829 0.0288588 0.0601534 0.0523971 0.0499323 0.0396399 0.0278074 0.0438671 0.072339 0.0408021 0.0353739
1 0.443699 0.022801 0.0367407 0.0757638 0.0559814 0.054969 0.0441402 0.0585141 0.072493 0.088445 0.0464525
1 0.386555 0.0263915 0.0363373 0.0852468 0.0622133 0.0500405 0.0428796 0.0833789 0.0646067 0.106391 0.0559599
1 0.436604 0.0241278 0.0449864 0.0604316 0.0612835 0.0341929 0.034543 0.133917 0.0583952 0.0578385 0.0536794
1 0.289825 0.02992 0.0404876 0.0950605 0.0819394 0.0411395 0.0404524 0.157624 0.0523519 0.091287 0.0799124
1 0.537098 0.026111 0.0549235 0.0564358 0.051689 0.0466431 0.0291698 0.0460103 0.0756197 0.0464775 0.0298226
1 0.589805 0.0255414 0.0511494 0.0448493 0.0443507 0.0350651 0.0255999 0.0453082 0.0762214 0.0352319 0.0268781
1 0.522085 0.031158 0.0610229 0.054097 0.0519186 0.0386284 0.0289124 0.052258 0.0849131 0.0418096 0.0331967
1 0.576445 0.0263544 0.0520723 0.0423153 0.0427599 0.0347372 0.0249468 0.0525858 0.0860747 0.0348595 0.0268494
1 0.490709 0.0220887 0.038462 0.0581999 0.0584114 0.0364375 0.0340898 0.0950836 0.0582124 0.0599953 0.0483106
1 0.659779 0.0181736 0.0385299 0.035367 0.0350066 0.0307392 0.0227504 0.0403075 0.0675507 0.029709 0.0220875
1 0.372489 0.0241396 0.0522199 0.0872985 0.0774307 0.0487396 0.0483408 0.0906751 0.0703198 0.0718303 0.0565166
1 0.576054 0.0250474 0.0514965 0.0489106 0.0468567 0.0391995 0.0270398 0.0441596 0.0746917 0.0395213 0.0270229
1 0.64533 0.0200338 0.0402242 0.0376041 0.0366601 0.0339677 0.0233804 0.0399448 0.0676487 0.0325795 0.0226264
1 0.434727 0.0353101 0.0776435 0.0719139 0.0740063 0.04352 0.0405131 0.0497731 0.0635894 0.0579077 0.0510954
1 0.648536 0.0166462 0.0315273 0.0368591 0.0356272 0.0329523 0.0240061 0.0482975 0.0656335 0.0369077 0.023007
1 0.239359 0.0267823 0.054698 0.11064 0.0976919 0.0491958 0.0575759 0.12402 0.0746021 0.0850204 0.0804145
1 0.63727 0.0176897 0.0347261 0.039589 0.037757 0.0313175 0.0243652 0.0519349 0.0686182 0.0338381 0.0228938
1 0.43457 0.0256554 0.0379455 0.0595701 0.0567686 0.0352541 0.0342628 0.136839 0.0584431 0.0647722 0.055919
1 0.535377 0.0192432 0.0376667 0.044218 0.0463889 0.0314068 0.0269449 0.117488 0.0587553 0.0459269 0.0365836
1 0.633125 0.0175717 0.0397447 0.0408386 0.0417997 0.0323109 0.024998 0.0438913 0.0676305 0.0338781 0.0242112
1 0.516889 0.0204669 0.0345758 0.0480737 0.0419191 0.0399604 0.0278951 0.0842717 0.0852395 0.0630637 0.0376448
1 0.659317 0.0174479 0.0374337 0.0345061 0.0349072 0.0301943 0.0227491 0.0408623 0.0705316 0.0297424 0.0223081
1 0.550207 0.0186168 0.0355221 0.0447366 0.045551 0.0331524 0.0268475 0.104043 0.0591592 0.0471251 0.0350388
1 0.416772 0.0234491 0.0388357 0.0712543 0.0687796 0.0352265 0.0376517 0.123135 0.0606083 0.0684737 0.0558141
1 0.558975 0.0273868 0.0554759 0.0457013 0.0455373 0.03607 0.0264166 0.0501443 0.0896193 0.0369745 0.027699
1 0.312925 0.028333 0.0376173 0.0521433 0.0494279 0.0388957 0.0273631 0.213471 0.0983877 0.0791992 0.0622366
1 0.396859 0.0267365 0.0376123 0.0669656 0.0603252 0.0371173 0.0364237 0.14068 0.0622321 0.0733096 0.0617382
1 0.532485 0.0238926 0.0470414 0.0601425 0.0489935 0.0491416 0.0319444 0.0446089 0.079712 0.0528912 0.0291467
1 0.598497 0.022382 0.0487003 0.0465192 0.045718 0.034576 0.025829 0.0435102 0.0734284 0.0352271 0.0256132
1 0.433318 0.0230912 0.0352843 0.0440874 0.0435597 0.036693 0.0245611 0.152572 0.0978083 0.0609786 0.0480458
1 0.243718 0.0296524 0.0431314 0.0861504 0.083253 0.0421304 0.0389203 0.198306 0.056048 0.0910216 0.0876682
1 0.539281 0.0201183 0.0352283 0.0437789 0.0451187 0.0330869 0.0266391 0.101024 0.0648105 0.0488909 0.042023
1 0.595965 0.0237145 0.0472662 0.0379591 0.038505 0.0320696 0.0237748 0.0523895 0.0917467 0.0319571 0.0246522
1 0.534674 0.0314918 0.0542003 0.0483933 0.047431 0.0455811 0.0309305 0.0466306 0.0649362 0.0513759 0.0443552
1 0.520634 0.026016 0.0508198 0.0397142 0.0402455 0.0367957 0.0243007 0.0753982 0.121633 0.0367138 0.0277294
1 0.393676 0.02453 0.0413068 0.0675102 0.0654496 0.0374519 0.0359997 0.148158 0.0582541 0.0690327 0.0586311
1 0.470687 0.0224757 0.0337916 0.0677871 0.0507039 0.0461188 0.0408764 0.0708498 0.0717016 0.0800533 0.0449544
1 0.171422 0.0459168 0.0704417 0.121787 0.123199 0.0640656 0.0545395 0.0496291 0.0580869 0.144681 0.0962319
1 0.539533 0.0196604 0.0336431 0.0516928 0.0477476 0.0408254 0.0283673 0.0791154 0.0616468 0.0589485 0.0388199
1 0.464252 0.0226279 0.038127 0.0629634 0.0609031 0.0379737 0.0363159 0.0982593 0.0610362 0.0657891 0.0517526
8 0.135528 0.0305069 0.0447984 0.0555917 0.0512311 0.0391307 0.0304385 0.332279 0.124126 0.0840514 0.072319
1 0.36876 0.0434619 0.0962349 0.0788481 0.0709223 0.0558253 0.0372394 0.0614956 0.0783371 0.0639482 0.044927
1 0.414568 0.0372706 0.0858814 0.070659 0.0727499 0.0464633 0.0395323 0.0508722 0.0695402 0.0597049 0.0527588
1 0.464784 0.0215378 0.0343287 0.0693392 0.0588824 0.036498 0.0419333 0.0996275 0.0601771 0.0659996 0.0468924
1 0.350118 0.027012 0.0390641 0.0853211 0.0692336 0.0432748 0.0426483 0.135857 0.0572625 0.0887045 0.0615044
1 0.404748 0.0255823 0.0351478 0.0775933 0.0610749 0.043752 0.0394013 0.107301 0.0589795 0.0919955 0.0544246
1 0.466093 0.0216194 0.0402507 0.0703409 0.0655008 0.0388083 0.0407918 0.0862495 0.0575474 0.0627861 0.0500124
1 0.289309 0.029644 0.0417159 0.0848105 0.0772092 0.0365411 0.0388017 0.195572 0.0525449 0.0792963 0.0745551
1 0.449474 0.0203747 0.0500337 0.0567046 0.0574889 0.0376425 0.0350913 0.122896 0.0805234 0.0521004 0.0376709
1 0.615761 0.0228336 0.0464637 0.0386779 0.0382552 0.0330093 0.0238703 0.0451252 0.0798369 0.0322841 0.0238827
1 0.279193 0.0315421 0.0442273 0.0965384 0.086955 0.0366553 0.0406225 0.173676 0.0507751 0.0803634 0.0794526
1 0.369018 0.027056 0.0428796 0.0699426 0.0658773 0.0361977 0.0342406 0.166719 0.0566353 0.0709102 0.0605238
1 0.528165 0.0199059 0.0351988 0.0568661 0.0494443 0.0395796 0.0321223 0.0695499 0.0668258 0.0630436 0.0392981
8 0.234874 0.0302388 0.0423501 0.0670043 0.0614585 0.0336039 0.0367757 0.278799 0.0723697 0.0716309 0.0708948
1 0.614617 0.0172004 0.0315615 0.0409989 0.0372798 0.0362823 0.026059 0.055664 0.0718615 0.0437486 0.0247272
1 0.612804 0.0162927 0.0302219 0.0355333 0.0347974 0.0317329 0.0220327 0.0843769 0.0675068 0.0393191 0.0253822
1 0.61305 0.022825 0.045232 0.0367574 0.0374693 0.0315722 0.023166 0.048355 0.0864662 0.0310638 0.0240429
1 0.244571 0.0285176 0.0429814 0.057088 0.0502944 0.0421721 0.033534 0.224104 0.125121 0.0843755 0.0672408
1 0.570792 0.0283185 0.0568197 0.0470586 0.0452902 0.0372824 0.026077 0.0452368 0.074511 0.0376032 0.0310104
1 0.326238 0.0271071 0.0406338 0.0829858 0.0770414 0.0408598 0.0417374 0.149345 0.0560492 0.082624 0.0753788
1 0.587577 0.0169285 0.0325879 0.039871 0.039824 0.0321631 0.0248694 0.0914709 0.0624145 0.0429948 0.0292989
1 0.547712 0.0291794 0.0618777 0.0381664 0.0355487 0.0479977 0.0239091 0.0532766 0.0850062 0.0422254 0.0351007
1 0.62077 0.0164491 0.0355238 0.0422809 0.0438163 0.0327485 0.0268432 0.049975 0.0650986 0.0392572 0.0272372
1 0.427907 0.0238029 0.0386868 0.0611826 0.0592901 0.0360403 0.0323453 0.143135 0.0582524 0.0652911 0.0540666
1 0.502627 0.0195514 0.0375122 0.0446167 0.0453422 0.032885 0.026878 0.142295 0.0636444 0.0486561 0.0359925
1 0.562059 0.0263395 0.0504869 0.0420619 0.0401855 0.0397145 0.024757 0.0511941 0.0984948 0.0378084 0.0268984
1 0.529735 0.0291309 0.0569326 0.0457647 0.0453311 0.0394877 0.0262615 0.0593262 0.0990047 0.0397487 0.0292767
1 0.191883 0.0376309 0.0567877 0.104725 0.09563 0.0452378 0.044293 0.177111 0.0532282 0.0948581 0.0986161
1 0.536265 0.0305368 0.0605898 0.0531303 0.0503817 0.0400384 0.0282334 0.0489755 0.0767965 0.0416817 0.0333715
1 0.470203 0.0203086 0.0375565 0.048007 0.0479141 0.0330338 0.029073 0.153304 0.0663999 0.0531156 0.0410845
1 0.468451 0.0214081 0.0362275 0.0582976 0.0558515 0.0348838 0.0350032 0.127793 0.0582185 0.0607426 0.0431238
1 0.338618 0.0226824 0.0487601 0.0559673 0.0600683 0.0332277 0.0343576 0.2353 0.0692834 0.0550084 0.0467267
1 0.548326 0.0293881 0.0584517 0.0466939 0.0459371 0.0369048 0.0268292 0.0512989 0.0876418 0.0379643 0.0305642
1 0.56095 0.0212144 0.0412104 0.0529085 0.043712 0.046148 0.030149 0.0449275 0.083752 0.0475648 0.0274633
1 0.531346 0.0192328 0.0322127 0.0494495 0.0482112 0.0331584 0.0311901 0.0997968 0.0636241 0.0533787 0.0383993
1 0.416288 0.0242545 0.0413494 0.0775072 0.0712625 0.0385091 0.0415608 0.108508 0.0541577 0.0698242 0.056778
1 0.564024 0.0276078 0.0542266 0.0479809 0.0468631 0.0351234 0.0272282 0.0504289 0.0781916 0.0376498 0.0306759
1 0.404766 0.0385419 0.0770874 0.0749385 0.0773316 0.0479999 0.0407709 0.0517026 0.0653981 0.0663172 0.0551462
1 0.580077 0.0269887 0.0519278 0.0474487 0.0458251 0.0364354 0.0266129 0.0467397 0.0691117 0.0380372 0.0307958
1 0.350677 0.0256497 0.0453756 0.0766701 0.0732981 0.0411134 0.0453342 0.149122 0.0619358 0.0731587 0.0576652
1 0.66422 0.0155319 0.0330335 0.0332951 0.0341206 0.0290287 0.023423 0.0467574 0.0662916 0.0312612 0.023037
1 0.609757 0.0214541 0.0437025 0.0434185 0.0404708 0.0420497 0.0256225 0.0404212 0.0679614 0.0395213 0.0256211
8 0.139485 0.0339715 0.0404312 0.0942043 0.0684493 0.0457073 0.0431024 0.176023 0.110782 0.129318 0.118526
1 0.5549 0.0281421 0.0557493 0.0474154 0.0466649 0.03683 0.0267255 0.0497299 0.0875189 0.0381598 0.0281638
1 0.620258 0.0164372 0.0322333 0.0371694 0.0372784 0.0321235 0.0268344 0.0587545 0.0701495 0.0395779 0.029184
1 0.619167 0.0222766 0.0432675 0.0401883 0.0372585 0.0360644 0.0237544 0.0409078 0.078626 0.0342844 0.0242051
1 0.656961 0.016587 0.0323856 0.0342216 0.0331859 0.0319798 0.022463 0.0504942 0.0667882 0.0337972 0.0211363
1 0.240951 0.0706415 0.0658085 0.0770463 0.0638624 0.0506724 0.0347759 0.108202 0.0697488 0.116606 0.101685
1 0.348462 0.0428473 0.0626397 0.0663604 0.0631498 0.0384051 0.0333602 0.120031 0.080868 0.0813069 0.0625691
1 0.489496 0.0218843 0.0357273 0.0423229 0.0408444 0.0366665 0.0242274 0.121641 0.0892826 0.0579872 0.0399196
1 0.606115 0.0211182 0.0463332 0.0449515 0.0446419 0.0342603 0.0255631 0.0424958 0.0744249 0.034927 0.0251697
1 0.290028 0.0279103 0.0594311 0.0708819 0.0716808 0.0527555 0.0377099 0.16811 0.071099 0.0835429 0.0668505
1 0.530348 0.0198176 0.0310268 0.0551512 0.046032 0.0404344 0.0326371 0.0776185 0.0633107 0.066169 0.0374544
10 0.0493188 0.140968 0.0458748 0.102581 0.0658127 0.0803021 0.0404983 0.0462923 0.040933 0.25555 0.131869
2 0.0369157 0.506018 0.0762708 0.037919 0.0340149 0.0799283 0.0297575 0.0309494 0.0352075 0.0687394 0.0642791
2 0.0335828 0.488458 0.0605101 0.042417 0.0347488 0.088848 0.0343795 0.0286616 0.0333443 0.0843628 0.0706869
2 0.0361011 0.533153 0.0697935 0.042384 0.0390729 0.0526589 0.0354492 0.0310423 0.0335012 0.0628612 0.0639823
2 0.0339193 0.545745 0.057711 0.038284 0.0343591 0.0712031 0.0301612 0.0297318 0.0312983 0.0698129 0.0577748
2 0.0512873 0.404813 0.0846197 0.055467 0.0647709 0.0373434 0.0356115 0.0581532 0.037435 0.0715773 0.0989212
2 0.0376438 0.422092 0.0782862 0.0448582 0.0366754 0.101718 0.0326552 0.0304812 0.0378268 0.0938362 0.0839265
2 0.0354371 0.542382 0.0751627 0.0382289 0.0371908 0.0536526 0.0324338 0.0308301 0.0332237 0.0614537 0.0600043
2 0.0328743 0.510252 0.0566695 0.0478991 0.0416846 0.0496369 0.0406044 0.0315376 0.0313567 0.0734092 0.0840757
2 0.0385437 0.456929 0.085178 0.0473543 0.0378239 0.067507 0.0471441 0.0325749 0.0382345 0.0669548 0.0817559
2 0.0335908 0.502813 0.0630738 0.046668 0.0418919 0.0504867 0.0361341 0.0304008 0.0319748 0.0775641 0.0854022
10 0.0544786 0.151206 0.0511873 0.100901 0.0726029 0.0682903 0.0373377 0.0519623 0.0428769 0.257708 0.111449
2 0.0800808 0.213391 0.131512 0.0736245 0.0547383 0.112215 0.0395712 0.0511827 0.0684742 0.0984553 0.0767545
2 0.0366562 0.343904 0.0606808 0.0813361 0.0605049 0.0396297 0.0746615 0.0394846 0.0353573 0.0674435 0.160342
2 0.0406177 0.326797 0.0463207 0.0702948 0.0504223 0.0808226 0.0401363 0.0373492 0.0386451 0.163117 0.105478
2 0.0745494 0.175115 0.0789262 0.11321 0.111618 0.0439516 0.0375001 0.0780884 0.0486717 0.128818 0.109551
2 0.0318316 0.50199 0.0576386 0.0459463 0.041078 0.0580514 0.0360305 0.0293926 0.0303166 0.0884594 0.0792648
3 0.0878964 0.175255 0.276558 0.0432269 0.0531612 0.0503005 0.0317044 0.0634389 0.0516288 0.0674007 0.0994295
2 0.0428724 0.398975 0.104036 0.0444302 0.0395276 0.076103 0.0338723 0.0343704 0.0431235 0.0816817 0.101008
11 0.0401653 0.212448 0.0674395 0.0943465 0.0830829 0.0299029 0.063441 0.0553673 0.0362362 0.0635191 0.254051
2 0.0642533 0.324886 0.155325 0.0495287 0.0450854 0.0713989 0.0327489 0.046997 0.0579821 0.0722407 0.0795543
10 0.0407444 0.166747 0.0402284 0.0838605 0.0505479 0.119717 0.047419 0.0371448 0.0389994 0.24386 0.130732
2 0.0381319 0.264041 0.064658 0.0897287 0.0634671 0.0390773 0.0987736 0.0415313 0.0370856 0.0648951 0.19861
2 0.0407442 0.422225 0.11287 0.0454668 0.0388899 0.0666415 0.039762 0.0328366 0.0402388 0.0657821 0.0945431
2 0.0395421 0.500658 0.100817 0.0375672 0.0380611 0.0609312 0.0267763 0.0327255 0.0327076 0.0689572 0.061257
2 0.0403274 0.435496 0.0991295 0.0481109 0.0448564 0.064812 0.0313441 0.0338163 0.0338672 0.0989437 0.0692962
2 0.0537363 0.347638 0.128888 0.0446353 0.0448875 0.0563886 0.0328861 0.0424273 0.0491945 0.0727144 0.126604
2 0.0421284 0.431094 0.0762664 0.05538 0.0573517 0.0474264 0.0332282 0.0409189 0.0317163 0.106418 0.0780715
10 0.0786415 0.0516603 0.0826588 0.114175 0.0627877 0.105483 0.0570415 0.0987631 0.0681223 0.210667 0.0700001
10 0.0579153 0.0804136 0.0601115 0.0797028 0.0603845 0.130242 0.0356286 0.0550776 0.04086 0.328124 0.0715406
2 0.0430005 0.451256 0.117377 0.0430197 0.0378861 0.0630654 0.0370708 0.0333284 0.0389955 0.0573107 0.0776901
2 0.0381393 0.518606 0.0843342 0.0407496 0.0384047 0.0537508 0.0321797 0.0321764 0.0353534 0.0612199 0.0650856
4 0.0881595 0.0848263 0.0811189 0.149295 0.0917641 0.0552421 0.0494882 0.104636 0.0647549 0.1349 0.0958149
2 0.0649875 0.295946 0.143509 0.0588737 0.0485813 0.0829291 0.0388743 0.0458149 0.0590552 0.0791233 0.0823065
2 0.0430708 0.364071 0.0537342 0.0624003 0.0545323 0.0641756 0.0323916 0.0404421 0.0333657 0.170853 0.0809631
2 0.0364432 0.353843 0.0751489 0.0624458 0.0449399 0.0843862 0.0423086 0.0301027 0.036635 0.121359 0.112388
2 0.0327793 0.575259 0.0513053 0.0388445 0.0381224 0.0501547 0.0300494 0.0296377 0.0297436 0.0692994 0.0548043
10 0.0570665 0.103493 0.0640521 0.0595077 0.0533145 0.134003 0.0290262 0.0558334 0.0408484 0.331872 0.070982
2 0.0325558 0.553634 0.0611464 0.0424193 0.0415035 0.0465459 0.0324493 0.0304039 0.028494 0.0681951 0.0626526
2 0.0531427 0.251568 0.0544136 0.0911008 0.0758657 0.0512454 0.0357769 0.0556298 0.0409178 0.175119 0.115221
2 0.0346999 0.525205 0.0536097 0.0499381 0.0434008 0.0449881 0.0445498 0.033766 0.0329567 0.0629198 0.0739666
10 0.0577443 0.0950954 0.0628546 0.0711896 0.0574977 0.132581 0.0331872 0.0541391 0.0404159 0.32682 0.0684752
2 0.0421742 0.332321 0.0914076 0.0575483 0.0628674 0.0324143 0.0419026 0.0489078 0.0385428 0.062341 0.189573
2 0.0371258 0.44148 0.0758672 0.0422433 0.0352203 0.103237 0.0316999 0.0304997 0.0377603 0.0877376 0.0771288
2 0.0327835 0.545144 0.0651443 0.0437117 0.0416434 0.0418456 0.0396858 0.031131 0.0299871 0.0552931 0.0736307
10 0.0698748 0.126971 0.0594734 0.115941 0.0785433 0.0693194 0.0423944 0.0642756 0.0524473 0.202991 0.117769
2 0.0388066 0.490265 0.0647745 0.0374265 0.0344393 0.100918 0.0277375 0.0319133 0.0360461 0.0838121 0.0538606
2 0.0327047 0.51766 0.0641029 0.048682 0.0455322 0.0398828 0.042729 0.0321705 0.0302551 0.0583978 0.087883
10 0.0575493 0.0922687 0.0545592 0.085066 0.0639643 0.124928 0.0382376 0.0529466 0.0403061 0.30005 0.0901242
10 0.0784345 0.080106 0.0713884 0.107946 0.0800197 0.0828607 0.0393848 0.081184 0.0501228 0.250362 0.0781911
2 0.045444 0.358481 0.0564094 0.0790837 0.0745764 0.0421698 0.0380432 0.0474795 0.0355127 0.117099 0.105701
2 0.0337884 0.490912 0.0658902 0.0425828 0.0357573 0.0805572 0.034942 0.0287869 0.0332372 0.0835125 0.070034
2 0.0643734 0.204386 0.0670457 0.101985 0.092831 0.0476258 0.0352443 0.0623804 0.0458879 0.170065 0.108176
2 0.0356148 0.482737 0.0675987 0.0522803 0.0502631 0.0424331 0.0416027 0.0391287 0.0326637 0.0680378 0.08764
2 0.0551171 0.333949 0.198836 0.0455131 0.0467364 0.0524472 0.036787 0.0422428 0.0372495 0.0715543 0.0795675
2 0.0416989 0.496431 0.077351 0.0460284 0.0519963 0.0331463 0.0345097 0.0445123 0.0349462 0.0562594 0.0831201
2 0.0499864 0.322449 0.0765978 0.0741121 0.0757656 0.0449628 0.035134 0.0518967 0.0369937 0.128439 0.103663
2 0.0475414 0.292262 0.0513288 0.0781179 0.0672211 0.0547851 0.0343664 0.0457773 0.0363886 0.185995 0.106217
2 0.0370646 0.44817 0.072463 0.049614 0.0487469 0.0397538 0.0410937 0.0393733 0.0346209 0.0650527 0.124047
2 0.0563517 0.220036 0.0568797 0.106203 0.0865874 0.0485581 0.0385757 0.0598873 0.0420236 0.162036 0.122862
2 0.0424375 0.474502 0.0613242 0.0544342 0.0611327 0.0325625 0.0342083 0.0479126 0.0347313 0.0662796 0.0904749
2 0.0585245 0.303153 0.175274 0.0437094 0.0453759 0.0593539 0.030705 0.0429737 0.0493658 0.0747602 0.116804
10 0.0578079 0.0533442 0.0663755 0.0636922 0.0451579 0.246693 0.0382078 0.0500343 0.0556067 0.263477 0.0596038
1 0.138503 0.0763104 0.131858 0.0990038 0.0792705 0.0885374 0.0446952 0.0803955 0.100035 0.0997171 0.0616739
6 0.0563344 0.0383058 0.0858347 0.0636122 0.0406243 0.288619 0.0463576 0.0469373 0.0765797 0.213534 0.0432604
2 0.0443667 0.453684 0.0922052 0.0432868 0.0429426 0.0482048 0.0344219 0.0393269 0.0400818 0.0657961 0.0956836
10 0.0699863 0.121838 0.0601282 0.122404 0.0887525 0.0602292 0.0392211 0.0646746 0.0503402 0.207322 0.115104
10 0.0550233 0.191251 0.0537751 0.105205 0.0797111 0.0550526 0.03763 0.0548739 0.0427971 0.201763 0.122918
2 0.0338804 0.480031 0.0576009 0.0422273 0.0343779 0.0997279 0.0346571 0.029275 0.0337106 0.0876228 0.0668891
10 0.0731928 0.0935307 0.0665984 0.114142 0.0839625 0.0789978 0.0404293 0.0723956 0.0486545 0.234491 0.0936056
2 0.0333948 0.406403 0.0527112 0.0630674 0.0436066 0.077425 0.0471082 0.0302668 0.0337874 0.115512 0.0967172
10 0.0695204 0.0901591 0.0659546 0.096214 0.0738315 0.0927257 0.0372318 0.0688692 0.0456133 0.278849 0.081032
2 0.0465713 0.442929 0.11073 0.0474113 0.0432852 0.0513141 0.0367974 0.0388613 0.043651 0.0617616 0.0766878
2 0.0730697 0.273895 0.202372 0.0449164 0.0490517 0.0537673 0.0303898 0.0550958 0.0555436 0.065655 0.0962435
2 0.0340696 0.494242 0.0479437 0.0491501 0.0442022 0.0540947 0.0347156 0.0330934 0.030561 0.0986199 0.0793077
2 0.0334395 0.491805 0.0649049 0.0429875 0.0370503 0.0836918 0.0321914 0.0290248 0.0304146 0.0955044 0.0589861
2 0.0356188 0.270846 0.0541888 0.069385 0.0449717 0.124676 0.0447959 0.0294883 0.035528 0.182404 0.108098
2 0.0383541 0.395571 0.0803897 0.0462631 0.0376117 0.106318 0.0335663 0.0303317 0.0394616 0.104731 0.0874006
2 0.0363537 0.395471 0.0881866 0.0633598 0.0519149 0.0602206 0.0427052 0.0316277 0.0323971 0.10443 0.0933333
2 0.0395036 0.484034 0.0721039 0.0437825 0.0399425 0.0568558 0.032303 0.03367 0.0361366 0.0803743 0.081294
2 0.0455813 0.44154 0.0703734 0.0571024 0.0663765 0.032898 0.0342163 0.0531994 0.0363672 0.0676526 0.0946933
2 0.0317322 0.540652 0.0599709 0.043124 0.0393979 0.0502645 0.0351687 0.0292438 0.0299117 0.0670022 0.0735322
2 0.03855 0.487915 0.0699274 0.0430432 0.035789 0.0783074 0.0384326 0.032541 0.0373287 0.070559 0.0676067
2 0.0552613 0.227068 0.0572411 0.103608 0.0844152 0.0496813 0.0380756 0.0539363 0.041902 0.172863 0.115948
2 0.0343111 0.503567 0.0584995 0.0558919 0.0471716 0.0404656 0.0465324 0.0333079 0.0318589 0.0645658 0.0838288
2 0.0418718 0.444712 0.099283 0.0434489 0.0375001 0.0750347 0.0361211 0.0335489 0.0404191 0.067953 0.0801072
2 0.0364855 0.458545 0.0588553 0.0645902 0.0528372 0.0420488 0.0584749 0.0360627 0.0331118 0.0628755 0.096113
10 0.0379137 0.147565 0.0399513 0.0768992 0.0465528 0.139407 0.0424171 0.0339958 0.0402293 0.258869 0.136199
10 0.0654346 0.174953 0.0639748 0.110928 0.0941219 0.0506565 0.0370485 0.0634249 0.0475523 0.182875 0.109031
6 0.0549309 0.0401718 0.0839426 0.0595576 0.0400579 0.309441 0.041954 0.0458893 0.0637598 0.219528 0.0407677
10 0.0498897 0.201271 0.0505767 0.103294 0.0750204 0.0585809 0.0399937 0.0482065 0.0399419 0.209407 0.123819
2 0.0367678 0.309825 0.0577089 0.0625734 0.0431773 0.117968 0.0402373 0.0299724 0.0372531 0.160649 0.103868
3 0.0724145 0.164775 0.34987 0.0456914 0.0449063 0.0580345 0.0304883 0.0467296 0.0543102 0.0602363 0.0725435
2 0.0387633 0.448663 0.0805304 0.0517705 0.0454703 0.0645044 0.0329086 0.03174 0.0330145 0.0971022 0.0755322
3 0.0647428 0.154119 0.174707 0.0807634 0.0869353 0.0382657 0.0480717 0.0733814 0.044018 0.0833721 0.151623
3 0.0546729 0.0512552 0.528435 0.0528529 0.0525834 0.0336237 0.0372962 0.0400727 0.0477914 0.0468711 0.0545454
3 0.0689423 0.114934 0.181284 0.0981869 0.106331 0.0337961 0.0528436 0.0807638 0.0471466 0.0729811 0.142791
11 0.0969485 0.0532239 0.0581113 0.0717524 0.0719418 0.0737143 0.0645236 0.115621 0.0564032 0.123861 0.2139
3 0.0446966 0.0735139 0.508289 0.0540089 0.054515 0.0328696 0.0435705 0.0385887 0.0387119 0.0496097 0.0616266
3 0.043542 0.199726 0.362269 0.0506605 0.0495126 0.0409033 0.0497206 0.0379052 0.0362353 0.0555665 0.0739589
3 0.0577699 0.0450271 0.415904 0.0911265 0.0772875 0.0397189 0.0510355 0.0432792 0.0569488 0.063011 0.0588916
3 0.0474768 0.140488 0.361447 0.0568637 0.0594254 0.0392933 0.0496857 0.0438208 0.0391208 0.0598712 0.102508
3 0.0759778 0.0714814 0.235571 0.0750632 0.0585711 0.0884147 0.0401663 0.0705259 0.0670882 0.164173 0.0529677
3 0.0465293 0.0881279 0.445073 0.0630045 0.0594598 0.0358668 0.0501407 0.0408678 0.040375 0.0564567 0.0740986
11 0.0682605 0.123242 0.123449 0.112775 0.109705 0.0377441 0.0495132 0.0882234 0.0467785 0.091368 0.148943
3 0.0610042 0.16131 0.207667 0.0669549 0.0725144 0.0407824 0.0499409 0.0673277 0.0434989 0.0755643 0.153435
2 0.0604674 0.18281 0.100678 0.0950722 0.0906325 0.0414426 0.0657418 0.0803967 0.0414584 0.078961 0.162339
3 0.0763529 0.0897767 0.211761 0.0754254 0.0604048 0.086559 0.0399432 0.0736919 0.0590541 0.171789 0.055242
3 0.0439176 0.174293 0.280382 0.0700041 0.0666614 0.0399917 0.069633 0.0435982 0.0364197 0.0628308 0.112268
3 0.0686328 0.125748 0.206353 0.0697902 0.0794968 0.0426499 0.0498903 0.0783451 0.0452768 0.0810041 0.152813
10 0.0871227 0.0762246 0.104968 0.104569 0.0790749 0.0568658 0.0427942 0.128811 0.0651176 0.172739 0.0817135
11 0.0875213 0.0825539 0.11924 0.0905865 0.107315 0.0450768 0.0611304 0.123486 0.0460969 0.0842219 0.152771
3 0.0748059 0.0350293 0.479194 0.0604641 0.0634386 0.0375215 0.0382856 0.0493821 0.0621047 0.0484156 0.0513589
3 0.0634437 0.10916 0.227899 0.0658402 0.069682 0.0513955 0.0734069 0.0743884 0.0461005 0.0801082 0.138575
2 0.0606224 0.195403 0.18781 0.0770089 0.0856839 0.0362477 0.0559197 0.0705481 0.0416917 0.0696509 0.119414
3 0.0741177 0.0560819 0.349055 0.0558441 0.0472814 0.097383 0.0342604 0.0610318 0.0663317 0.120831 0.0377823
3 0.0855113 0.0418014 0.418605 0.0553146 0.0560958 0.0540155 0.0412542 0.0571879 0.0674944 0.0600945 0.0626256
3 0.0889348 0.0357625 0.436283 0.0574347 0.0641742 0.0412756 0.0409109 0.0559233 0.0684265 0.0513566 0.0595184
3 0.04658 0.130397 0.443151 0.046024 0.0468767 0.0403016 0.0423419 0.0380812 0.0388738 0.0528862 0.0744867
3 0.0504496 0.0561608 0.520325 0.0528225 0.0545867 0.0338329 0.0389357 0.0400305 0.0443471 0.0487296 0.0597798
3 0.0654065 0.054971 0.472002 0.0507884 0.0558496 0.0376444 0.0460731 0.046987 0.0467419 0.0514614 0.0720746
10 0.0723506 0.0764004 0.0970818 0.130152 0.0808831 0.0665043 0.0497284 0.0847406 0.0564492 0.191954 0.0937552
3 0.0687175 0.0456874 0.542052 0.0432256 0.0444752 0.0376303 0.0278992 0.046733 0.0568025 0.0451402 0.041637
3 0.06187 0.104352 0.346938 0.0542123 0.0607695 0.0423945 0.0462242 0.0576964 0.0456288 0.0649985 0.114916
3 0.0666289 0.0438574 0.505301 0.0503279 0.0517046 0.0366192 0.0404284 0.0444125 0.0547519 0.0474683 0.0584995
3 0.0560601 0.0564622 0.506301 0.0510989 0.0519657 0.0346191 0.0452928 0.0421565 0.0447249 0.0487307 0.0625883
3 0.0781809 0.0483222 0.172336 0.0877888 0.0539153 0.0779879 0.0567835 0.084869 0.133998 0.144274 0.061544
3 0.0580436 0.124758 0.204647 0.0717822 0.0734217 0.0487372 0.0778814 0.0684668 0.0426216 0.0792544 0.150386
3 0.069897 0.112318 0.215501 0.0821565 0.0945966 0.0369681 0.0489023 0.0789001 0.0473738 0.0803289 0.133058
3 0.104054 0.0550086 0.235403 0.0621578 0.0694682 0.0695159 0.0510997 0.0822991 0.062964 0.084897 0.123133
3 0.0554173 0.148779 0.378832 0.0482207 0.055382 0.0397277 0.0420723 0.0549105 0.0410431 0.0617767 0.0738386
3 0.0670929 0.0937246 0.368843 0.0547663 0.0627222 0.037425 0.0442425 0.0589594 0.047187 0.0587446 0.106293
3 0.0806105 0.0340072 0.444011 0.0535104 0.048704 0.0554309 0.0309761 0.0606125 0.09974 0.0607496 0.0316475
3 0.0585408 0.168459 0.212495 0.0765213 0.0789494 0.0372099 0.053136 0.0607024 0.0419512 0.0738507 0.138185
3 0.0812705 0.0385041 0.391034 0.0628352 0.052774 0.0755289 0.0339396 0.0580123 0.0958631 0.0757018 0.0345367
10 0.0822947 0.0818443 0.128415 0.0929555 0.0699711 0.0651073 0.0423797 0.109292 0.0678129 0.187336 0.0725909
3 0.076209 0.106017 0.192882 0.0803882 0.0904982 0.0414 0.0503465 0.097042 0.0486232 0.0879112 0.128683
3 0.0821457 0.0341018 0.449541 0.0609013 0.0644954 0.0406806 0.0388253 0.0546326 0.0704501 0.0507265 0.0534992
3 0.102884 0.0369891 0.411269 0.0609221 0.0600322 0.0493716 0.0367732 0.0555515 0.0805833 0.0548026 0.0508215
3 0.0800713 0.0482783 0.215607 0.0768032 0.0521754 0.0775337 0.0514657 0.0903964 0.123894 0.129403 0.0543721
3 0.0707021 0.0391383 0.365118 0.0581237 0.0453133 0.0842557 0.0369523 0.0617827 0.106123 0.0970153 0.0354763
3 0.104369 0.0389004 0.375542 0.0589377 0.0603141 0.0569829 0.0383678 0.061399 0.0836321 0.0607976 0.0607571
11 0.0672915 0.13587 0.1556 0.0790588 0.0885408 0.0393132 0.0477115 0.0811489 0.0438907 0.0855306 0.176044
3 0.0671492 0.146923 0.222592 0.0667844 0.0744849 0.0399611 0.0484558 0.0720043 0.0447915 0.0750853 0.141769
10 0.0843375 0.0699566 0.10151 0.104413 0.0749772 0.0578591 0.0443093 0.13102 0.0684873 0.178091 0.0850391
3 0.0495863 0.0703242 0.532534 0.0459969 0.0430366 0.0380514 0.0396255 0.0365172 0.0417391 0.0480301 0.054559
10 0.080718 0.0620082 0.130955 0.0924652 0.0655475 0.0685427 0.045455 0.119182 0.0807356 0.181253 0.0731381
3 0.0739312 0.0344911 0.475478 0.0449642 0.0431636 0.0587667 0.0282133 0.0649017 0.0844203 0.061927 0.029743
3 0.0558006 0.0727364 0.419078 0.0584553 0.0626782 0.0374395 0.0591832 0.0483879 0.0414474 0.0571214 0.0876718
3 0.0776458 0.0407061 0.280396 0.0669267 0.0483256 0.0676755 0.0470707 0.0823215 0.146398 0.0987302 0.0438039
3 0.0658857 0.163434 0.173081 0.0824787 0.0892389 0.037598 0.0483736 0.0731384 0.0434747 0.0812916 0.142005
3 0.0598866 0.145272 0.258883 0.063291 0.0699303 0.0415616 0.0493738 0.0598581 0.0423344 0.073127 0.136482
3 0.0691155 0.1385 0.183731 0.0785409 0.0894317 0.0387792 0.047824 0.0777787 0.0433767 0.0807445 0.152178
3 0.0670106 0.134362 0.228397 0.0709592 0.076955 0.0380233 0.0488113 0.0739223 0.0465309 0.0750995 0.13993
3 0.0759473 0.0403812 0.440521 0.0588975 0.0654152 0.0390426 0.0483992 0.0561977 0.0569483 0.0533458 0.0649039
3 0.110324 0.062495 0.182593 0.0606499 0.0741813 0.0608687 0.0480679 0.0937874 0.0618906 0.0833227 0.161819
3 0.0564444 0.207342 0.231884 0.0639156 0.0680587 0.0400542 0.0577246 0.0600767 0.0399491 0.0690988 0.105452
3 0.0652774 0.0582882 0.238345 0.0710861 0.0493797 0.111483 0.045861 0.0637318 0.0831351 0.162479 0.0509338
3 0.0552923 0.0652084 0.543637 0.0385003 0.0420462 0.0378677 0.0312739 0.0441138 0.0443029 0.0475765 0.0501815
3 0.0518943 0.0593278 0.512403 0.0524892 0.0540784 0.0324898 0.0446161 0.0409908 0.0419038 0.0470872 0.0627193
3 0.0690717 0.0977803 0.260853 0.0600929 0.0682194 0.0444202 0.0503262 0.0705165 0.0501424 0.0717842 0.156793
3 0.0607128 0.130886 0.220986 0.082535 0.0904558 0.0364868 0.051105 0.0657913 0.045026 0.0785557 0.137459
3 0.0498533 0.0522722 0.411965 0.0916401 0.0778977 0.0382526 0.0606207 0.0411147 0.0478995 0.0650717 0.0634123
10 0.0852489 0.0493161 0.134349 0.0865331 0.0609206 0.0707416 0.0466345 0.129988 0.101268 0.167148 0.0678514
3 0.0531469 0.137523 0.155055 0.109853 0.102886 0.0368353 0.0834279 0.0598672 0.0379803 0.0715861 0.151839
2 0.0546616 0.291717 0.152391 0.0678794 0.06871 0.0390884 0.0441725 0.0529511 0.0395496 0.0786694 0.11021
3 0.0713099 0.0394546 0.471604 0.0492768 0.0530534 0.045076 0.0369093 0.0627388 0.0651715 0.0554931 0.0499131
10 0.06086 0.0600447 0.0685154 0.152717 0.0634206 0.0765158 0.0914229 0.0622897 0.0666108 0.185749 0.111854
3 0.0648926 0.126543 0.25459 0.0726657 0.084039 0.035919 0.0459123 0.0677208 0.0461771 0.0734056 0.128135
3 0.0653518 0.0379147 0.49441 0.0561229 0.0587394 0.0363972 0.0425846 0.0495903 0.055465 0.0484378 0.0549859
3 0.0558012 0.131425 0.216714 0.0877426 0.0915579 0.0354045 0.0714668 0.0584659 0.0396171 0.0667124 0.145093
3 0.0513572 0.0676384 0.475429 0.0596432 0.057015 0.0362909 0.0435209 0.0404125 0.0444893 0.0538379 0.0703658
11 0.0531521 0.0924828 0.155427 0.1084 0.0935825 0.0493145 0.080779 0.072081 0.0444141 0.0905705 0.159797
3 0.0588825 0.19516 0.245031 0.0658123 0.0682891 0.0379219 0.0447705 0.0545842 0.0450602 0.0747917 0.109696
3 0.0598866 0.145272 0.258883 0.063291 0.0699303 0.0415616 0.0493738 0.0598581 0.0423344 0.073127 0.136482
3 0.0829823 0.0345517 0.44696 0.0506338 0.0479878 0.0543687 0.0299286 0.0649563 0.0967045 0.0594719 0.0314539
3 0.0471163 0.0668357 0.52418 0.0525189 0.0503627 0.0328766 0.0432007 0.0376304 0.0409252 0.0475481 0.0568057
10 0.0766695 0.0656591 0.0977809 0.125799 0.079034 0.0665919 0.0492729 0.0958782 0.0630496 0.188917 0.0913475
3 0.0597821 0.141193 0.283855 0.062827 0.0729472 0.0402501 0.0556483 0.066653 0.0413524 0.0697482 0.105744
3 0.0616625 0.0449489 0.515266 0.0523233 0.0552634 0.0341141 0.039138 0.0433982 0.0495266 0.0462877 0.058071
3 0.0809676 0.0374649 0.484248 0.0542723 0.0542876 0.0435544 0.0359777 0.0487839 0.0614579 0.0502089 0.0487766
3 0.0747019 0.0464475 0.371743 0.0579478 0.0479718 0.0883432 0.0344572 0.0588399 0.0758753 0.107068 0.0366036
10 0.0789594 0.0607879 0.126676 0.0994833 0.0669617 0.0767164 0.0472815 0.102138 0.073597 0.192079 0.0753198
8 0.130348 0.055571 0.122035 0.0836303 0.0564944 0.0548491 0.047468 0.142778 0.123276 0.118082 0.0654681
2 0.061327 0.204309 0.156371 0.076017 0.0833912 0.0368499 0.0443332 0.0685897 0.0423799 0.085169 0.141263
3 0.049414 0.0983664 0.520668 0.0390956 0.0391517 0.0420934 0.0317782 0.0366884 0.0406375 0.0476434 0.0544632
3 0.0554296 0.188477 0.232009 0.0643823 0.0705922 0.0432003 0.0564843 0.0616335 0.0402033 0.0716042 0.115985
3 0.0528021 0.092707 0.249095 0.0868093 0.0879574 0.0436689 0.0647026 0.0632416 0.0438645 0.0812069 0.133944
4 0.0481978 0.0224272 0.0401663 0.28083 0.152907 0.0320182 0.163302 0.0340451 0.0523141 0.0856243 0.0881679
4 0.0332531 0.033056 0.0307351 0.230515 0.143241 0.0319426 0.13911 0.0355406 0.0291207 0.0842114 0.209276
4 0.0553878 0.0238133 0.0503679 0.367211 0.149696 0.041947 0.0841294 0.033358 0.0585392 0.0849821 0.0505677
4 0.0598673 0.0231099 0.0551037 0.326084 0.153463 0.0395173 0.103814 0.0372568 0.073435 0.0807647 0.047585
4 0.0438864 0.0197763 0.0407195 0.288135 0.16611 0.0344566 0.178714 0.0319611 0.0490073 0.0864567 0.0607764
4 0.0493183 0.0279944 0.0338866 0.278965 0.14507 0.032435 0.137762 0.0521177 0.0378002 0.082386 0.122264
4 0.0687178 0.0286992 0.0683548 0.356667 0.156708 0.0413047 0.0565137 0.0401251 0.063714 0.0727027 0.0464927
4 0.0484286 0.0209795 0.0361968 0.265511 0.135553 0.0346932 0.213836 0.0385521 0.047564 0.087487 0.071198
4 0.0353659 0.0227446 0.0430825 0.279629 0.171247 0.0318341 0.19813 0.0292249 0.0376867 0.0782076 0.0728475
4 0.0603827 0.0258364 0.0575781 0.366836 0.156726 0.0398262 0.0712044 0.0349126 0.0591914 0.0775321 0.0499742
4 0.0443803 0.0267065 0.0378282 0.310571 0.115419 0.052004 0.112455 0.0327991 0.0549798 0.117581 0.0952751
4 0.0349874 0.027772 0.0360939 0.225568 0.156563 0.0341922 0.143626 0.0294969 0.0387592 0.0863443 0.186597
4 0.0423584 0.0215517 0.0338908 0.258921 0.155183 0.0299383 0.225829 0.0368381 0.0385863 0.0752934 0.0816092
4 0.031497 0.031606 0.0314811 0.232293 0.168055 0.029054 0.150009 0.0327427 0.0279307 0.080301 0.18503
4 0.0363707 0.0233922 0.0298804 0.242055 0.137261 0.0442199 0.1409 0.0313715 0.0416976 0.111419 0.161433
4 0.0356089 0.0279031 0.0315105 0.22567 0.156935 0.0347625 0.129356 0.0319487 0.0342314 0.0946939 0.19738
4 0.0447197 0.0265126 0.0393956 0.332628 0.121497 0.0469099 0.115922 0.0319341 0.0522459 0.10798 0.0802547
4 0.0588525 0.0210174 0.0483757 0.313236 0.14862 0.037034 0.140722 0.0367832 0.0690784 0.0806531 0.0456274
4 0.0571639 0.0247887 0.0602861 0.356898 0.166166 0.0384119 0.0813815 0.0354743 0.0564376 0.0747532 0.0482384
4 0.0435529 0.0191803 0.038889 0.301408 0.221807 0.0280901 0.148106 0.03132 0.04122 0.0683833 0.0580434
4 0.0484238 0.0197089 0.0382151 0.260406 0.147486 0.0346362 0.216534 0.0352976 0.0525244 0.0874549 0.0593138
4 0.0415066 0.0241651 0.048954 0.292524 0.206579 0.0292953 0.131917 0.0307628 0.0370615 0.0722549 0.0849805
11 0.0451603 0.0665187 0.0451393 0.204952 0.146516 0.0303974 0.0652684 0.0515486 0.0355244 0.0714157 0.23756
4 0.0731177 0.0288567 0.066725 0.357588 0.144346 0.042404 0.0573051 0.0402971 0.0686379 0.0747726 0.0459502
4 0.0405527 0.0238303 0.042964 0.299657 0.171632 0.0319583 0.144232 0.0291847 0.0437582 0.0779577 0.0942725
4 0.0374654 0.0258373 0.0288577 0.249042 0.132413 0.0386994 0.160205 0.0334234 0.0348782 0.103844 0.155334
4 0.0319004 0.0275029 0.0334762 0.239251 0.188472 0.0301597 0.143982 0.0309893 0.0299812 0.0857737 0.158511
4 0.0517069 0.0257502 0.0549238 0.328646 0.167351 0.0391024 0.0909593 0.0315677 0.0507644 0.0866015 0.0726266
4 0.0480584 0.0240176 0.0538592 0.343726 0.155163 0.0395324 0.103235 0.031545 0.0537381 0.0833358 0.0637901
4 0.0390803 0.0237373 0.0378319 0.258237 0.145528 0.0460584 0.134102 0.0292114 0.0478054 0.106011 0.132397
4 0.0382349 0.0249562 0.0451967 0.284624 0.170115 0.0342056 0.147275 0.0283064 0.0426206 0.0811645 0.103301
4 0.0413079 0.0273975 0.0302217 0.256366 0.159895 0.0306704 0.160109 0.0429328 0.0338604 0.084771 0.132468
4 0.0486593 0.0205265 0.0458905 0.297663 0.154495 0.0367908 0.164132 0.0333272 0.0585743 0.0856458 0.0542951
4 0.0460366 0.0211351 0.0463935 0.297123 0.177027 0.0350071 0.148621 0.032711 0.0530722 0.0823 0.060573
4 0.0381555 0.0255006 0.0390155 0.238977 0.14254 0.0451936 0.141089 0.0284411 0.0452548 0.101546 0.154287
4 0.0505198 0.0225477 0.0586643 0.33205 0.200548 0.032975 0.092344 0.0328969 0.0491169 0.0712476 0.0570902
4 0.0470098 0.0219591 0.0338547 0.249573 0.135261 0.034272 0.220739 0.0407486 0.0448589 0.0905623 0.0811617
4 0.0337486 0.0259731 0.0366388 0.2523 0.151107 0.0351164 0.172431 0.0284262 0.0374713 0.0887806 0.138007
4 0.0557979 0.023981 0.0539511 0.366883 0.144958 0.042352 0.0834571 0.033757 0.0607289 0.0837433 0.0503904
4 0.0444254 0.02349 0.0358158 0.249087 0.153315 0.0343738 0.147598 0.0361453 0.0490131 0.0959922 0.130744
4 0.0474917 0.0226817 0.0486505 0.351113 0.140607 0.0400632 0.121819 0.0304155 0.0536087 0.0866504 0.0568987
4 0.0353598 0.0260674 0.0372349 0.242419 0.146658 0.0397949 0.152973 0.0279785 0.040419 0.0945625 0.156534
4 0.0468098 0.0249262 0.0428833 0.350028 0.117323 0.0455054 0.121539 0.0306436 0.0544751 0.0995488 0.0663183
4 0.0678053 0.0269268 0.0606105 0.367569 0.140402 0.0439257 0.0624267 0.0382331 0.067192 0.0792516 0.0456574
4 0.0593319 0.0259225 0.0616549 0.352453 0.149933 0.0423543 0.0731855 0.0360948 0.0641515 0.0807476 0.0541708
4 0.0424431 0.0206983 0.0344891 0.254189 0.14555 0.0300392 0.249004 0.0360477 0.040598 0.0749327 0.0720088
4 0.0488625 0.0204222 0.0394004 0.259938 0.129304 0.0376728 0.215812 0.0364188 0.0529647 0.0928008 0.0664045
4 0.0449864 0.0243851 0.0538809 0.33832 0.195041 0.0336548 0.104222 0.0336949 0.0435813 0.0721791 0.0560547
4 0.0493982 0.025436 0.0333444 0.257565 0.155428 0.035169 0.10816 0.0385184 0.0494294 0.104296 0.143255
4 0.0472329 0.0226451 0.0371979 0.262682 0.137302 0.0368407 0.15336 0.0365937 0.0592985 0.10306 0.103787
4 0.0496201 0.0215337 0.0354442 0.253765 0.121566 0.0430369 0.148676 0.040155 0.0671192 0.118357 0.100727
4 0.0402946 0.0212843 0.0467424 0.311336 0.160022 0.0308093 0.197474 0.0305166 0.0409349 0.0699644 0.0506206
4 0.0351688 0.0263603 0.0334704 0.226811 0.161135 0.0370515 0.138893 0.0291968 0.0356149 0.0943616 0.181937
4 0.0388292 0.0265999 0.0273266 0.255263 0.11006 0.043985 0.154846 0.0353929 0.038307 0.117159 0.152231
4 0.0470871 0.0257434 0.0391631 0.224548 0.118635 0.0482439 0.111642 0.0451206 0.0608039 0.149166 0.129848
4 0.0442605 0.023931 0.0319357 0.269472 0.153883 0.0308301 0.180539 0.0424225 0.0371056 0.0813836 0.104237
4 0.0333393 0.0269354 0.0366228 0.237689 0.149311 0.0362725 0.170979 0.0280497 0.0369439 0.0907819 0.153075
4 0.051037 0.0253791 0.0366506 0.246396 0.141499 0.0368676 0.120209 0.0419892 0.0537188 0.110046 0.136207
4 0.0486951 0.0238866 0.053165 0.353316 0.159584 0.0393869 0.0927747 0.0323799 0.053683 0.0831151 0.0600135
4 0.0455893 0.0216917 0.0380601 0.288708 0.155679 0.0343681 0.149286 0.0324489 0.0535548 0.0891986 0.0914155
4 0.0409228 0.0243778 0.0322088 0.27377 0.153857 0.0290508 0.204919 0.03948 0.0343872 0.0708176 0.0962092
4 0.0467574 0.0232375 0.0563269 0.321087 0.212724 0.0303832 0.10008 0.0320313 0.0435379 0.0693962 0.064438
4 0.0447093 0.0264187 0.0468116 0.30135 0.179537 0.0378219 0.101233 0.0302844 0.0436483 0.0912362 0.0969499
4 0.0520672 0.0197503 0.0421311 0.282117 0.157414 0.0344795 0.18094 0.0354389 0.055656 0.0846654 0.0553408
4 0.0435026 0.0204408 0.0351888 0.279311 0.189339 0.0286301 0.184825 0.0346714 0.0392474 0.0736016 0.0712421
4 0.0335711 0.028523 0.036912 0.220861 0.145863 0.0402748 0.144796 0.0276356 0.0382863 0.0984 0.184877
11 0.0331403 0.0283644 0.0278475 0.215273 0.143851 0.0346662 0.131562 0.0323194 0.0328948 0.0968121 0.22327
