1 0.912354 0.00323442 0.00819267 0.00247512 0.00291756 0.00227896 0.00182098 0.00639289 0.0574315 0.00209197 0.000810333
1 0.829167 0.0039465 0.0116708 0.0022374 0.00284449 0.00251217 0.00173659 0.0158004 0.127076 0.00221582 0.000793143
1 0.86628 0.00484548 0.0116464 0.00241579 0.00317627 0.00289728 0.00181273 0.0177582 0.0858971 0.00246744 0.000803527
1 0.897244 0.00488396 0.0124629 0.00156086 0.0020782 0.00235176 0.00133443 0.00965884 0.0653192 0.00208365 0.00102261
1 0.927682 0.00356657 0.00766381 0.00157208 0.0020982 0.00291885 0.0013107 0.00560753 0.0439262 0.0021761 0.00147843
1 0.954845 0.00185211 0.00331111 0.00126064 0.00179442 0.00269082 0.00104197 0.00338765 0.0264902 0.00174365 0.00158201
1 0.97759 0.000568648 0.00107907 0.00127822 0.00145032 0.000746478 0.00102721 0.00109062 0.0139714 0.000843083 0.000354565
1 0.963614 0.000919336 0.00217512 0.00145098 0.00171549 0.000898844 0.00122069 0.00178607 0.0248073 0.000976218 0.000435793
1 0.89916 0.00233505 0.00577546 0.00186695 0.00223029 0.00159554 0.00154718 0.00759624 0.0757654 0.00144371 0.00068408
1 0.951768 9.4111e-05 0.000464842 0.000310436 0.000395892 0.000154508 0.000389948 0.0218566 0.0242501 0.000182761 0.000133289
1 0.947994 0.000115144 0.000432605 0.000298812 0.000365503 0.000186431 0.000371598 0.02195 0.0279812 0.000195706 0.000108843
1 0.912664 0.000264163 0.00241581 0.00440833 0.00332811 0.000829715 0.00287472 0.0372661 0.0328646 0.00191792 0.00116627
1 0.93494 0.000123678 0.000808969 0.000382797 0.000474329 0.000199174 0.000436456 0.0365254 0.0256737 0.000229473 0.000205604
1 0.853242 0.000163215 0.00186664 0.000510403 0.000604549 0.000295828 0.000569611 0.0982398 0.0438474 0.000319945 0.000340112
1 0.960823 0.000122759 0.000773103 0.0016099 0.00149438 0.00037177 0.00130125 0.0155315 0.0170178 0.000553435 0.000400613
1 0.641756 0.000527713 0.00745418 0.00138542 0.00160742 0.000888998 0.00147088 0.269531 0.0731055 0.00132792 0.000945614
1 0.935153 0.000118286 0.00107853 0.000652328 0.000889611 0.000185172 0.000669805 0.0199702 0.0407968 0.000306421 0.000180158
1 0.951831 9.13169e-05 0.00038315 0.000358446 0.000469731 0.000159465 0.000418297 0.0287582 0.0171869 0.000195196 0.000148534
1 0.878098 0.00187387 0.00610398 0.00151951 0.00179026 0.00142532 0.00141489 0.011388 0.0946066 0.00125754 0.000522224
1 0.84106 0.00199783 0.00637212 0.00129588 0.00161932 0.00141219 0.00124338 0.0167162 0.126575 0.00118375 0.000524556
1 0.770148 0.00349133 0.0102321 0.00176815 0.00226441 0.00228687 0.00157339 0.0384681 0.167253 0.00183163 0.0006831
1 0.915901 0.00274456 0.00675529 0.000937777 0.00122381 0.00111341 0.000968058 0.0116184 0.0569597 0.00119827 0.000579654
1 0.948332 0.00219287 0.00443414 0.000994255 0.00125577 0.00152144 0.00103599 0.00596549 0.032046 0.00131815 0.000903612
1 0.959467 0.00156089 0.00294885 0.000984372 0.00115127 0.00185392 0.00104463 0.00419919 0.0243878 0.00124017 0.00116178
1 0.977938 0.000301158 0.000637466 0.000703453 0.000722418 0.000482377 0.000791602 0.00131602 0.016365 0.000489291 0.000253616
1 0.956086 0.000559902 0.00146576 0.000893221 0.00104128 0.000551028 0.000959279 0.0031465 0.0344016 0.000607012 0.000288782
1 0.843607 0.00152477 0.00416033 0.00120232 0.00146031 0.0011 0.00121902 0.0208867 0.123387 0.000990727 0.000462026
1 0.980321 0.000162263 0.000334428 0.000958183 0.000716106 0.000370464 0.00101257 0.000527905 0.0150095 0.00038345 0.000204317
1 0.928988 0.00287291 0.00483156 0.00128671 0.00268057 0.00304861 0.00133174 0.0334529 0.0175843 0.00267566 0.00124719
9 0.36048 0.00263589 0.0197956 0.00149762 0.00162961 0.00355477 0.000972756 0.0595559 0.539956 0.00730433 0.00261705
1 0.953524 0.000121943 0.000781512 0.000460939 0.000403974 0.000172105 0.00058557 0.015799 0.0276844 0.000226635 0.000239962
1 0.936058 0.00014754 0.00103514 0.00054048 0.000532778 0.000204179 0.000754576 0.0354918 0.02473 0.000226863 0.000278714
1 0.928325 0.000131547 0.00121879 0.000395882 0.000487487 0.000137789 0.000447148 0.0282106 0.0400707 0.000287425 0.000287112
1 0.980201 0.000105618 0.000391383 0.000352892 0.00031246 0.000187866 0.000500199 0.0083046 0.00927473 0.000174777 0.000194932
1 0.969338 0.000209042 0.000479165 0.000641968 0.000741695 0.000237133 0.000807825 0.00479636 0.0223217 0.000280534 0.00014641
1 0.93087 0.00383993 0.0062264 0.00122724 0.00252798 0.00463682 0.0011876 0.0284553 0.0167862 0.00276895 0.00147389
1 0.809078 0.00441608 0.0109859 0.0019327 0.00244576 0.00267816 0.00158339 0.0320754 0.131984 0.00207875 0.000742282
1 0.824376 0.00696939 0.0139881 0.00206793 0.00268329 0.00424846 0.00162036 0.0457247 0.0946794 0.00279645 0.00084605
1 0.900739 0.0069674 0.0127318 0.00234396 0.00273817 0.0042451 0.00184075 0.0198322 0.0445744 0.0031612 0.000826521
1 0.931963 0.00401855 0.00776058 0.00189059 0.00232526 0.0021033 0.00150268 0.00591033 0.0392334 0.00205747 0.00123495
1 0.935174 0.00379219 0.00752995 0.00186171 0.0024163 0.00264846 0.00146064 0.00553419 0.0358687 0.00225845 0.00145518
1 0.963579 0.00160683 0.00269104 0.00166437 0.00192442 0.00133702 0.00135504 0.00470465 0.0194065 0.00124932 0.000481952
1 0.944614 0.000738778 0.00186738 0.00157005 0.00214401 0.000801801 0.00122693 0.00278343 0.042969 0.000875977 0.000408343
1 0.945003 0.000547491 0.00144481 0.00138042 0.00198712 0.000682541 0.00110984 0.00243102 0.0442903 0.00076379 0.000359461
1 0.959702 0.000198556 0.000595934 0.000759093 0.00122915 0.000304195 0.000707755 0.00248505 0.0334219 0.000396043 0.000200097
1 0.975495 7.8561e-05 0.000292851 0.000429936 0.000688047 0.000158079 0.000451771 0.00256977 0.0194754 0.000222154 0.000138774
1 0.971864 7.15559e-05 0.000300162 0.000443171 0.000666648 0.000146784 0.000456747 0.00473381 0.0209502 0.000217556 0.000149808
1 0.892997 0.00037563 0.00434872 0.00104775 0.00200449 0.000419925 0.000695497 0.0490486 0.0465554 0.00102918 0.00147738
1 0.923665 0.000326901 0.00464867 0.000899921 0.00175728 0.000307652 0.00062696 0.0218878 0.0438686 0.000870036 0.00114145
1 0.932137 0.000245062 0.00223022 0.000632948 0.000953847 0.000245142 0.000499475 0.0164602 0.0451441 0.000537058 0.000914913
1 0.943076 0.000199534 0.0016001 0.000443218 0.000637898 0.000183566 0.000413025 0.0193259 0.0331544 0.000348405 0.000618405
1 0.913567 0.000254316 0.00228219 0.000345114 0.000463526 0.000225383 0.000353832 0.017699 0.0639707 0.000277231 0.000562063
1 0.87972 0.000365444 0.0040434 0.000284377 0.000375864 0.000373801 0.000302279 0.0184918 0.095025 0.000397481 0.000620333
1 0.946099 0.000302593 0.00318232 0.000232524 0.000315098 0.00033453 0.000268599 0.0137219 0.0348824 0.000287945 0.000372812
1 0.971324 0.000224863 0.00173192 0.000289592 0.000322126 0.000399888 0.000336161 0.00910859 0.0157465 0.000246688 0.00027002
1 0.976788 0.00013658 0.000889802 0.00027652 0.000280789 0.000278211 0.000351428 0.00627936 0.0143074 0.00019102 0.000220974
1 0.986553 8.70404e-05 0.000368779 0.000357479 0.000390456 0.000196894 0.000409312 0.00371868 0.00755016 0.000167789 0.000200538
1 0.978347 7.32224e-05 0.000193762 0.00028504 0.000290227 0.000157291 0.000322674 0.0109693 0.00907985 0.000144819 0.000136528
1 0.878713 0.00620186 0.00354677 0.00476166 0.0219857 0.00722911 0.00135586 0.0261984 0.0233421 0.0209228 0.00574287
1 0.854486 0.000170258 0.00387156 0.000586403 0.000676455 0.000325756 0.000690359 0.0670227 0.0712942 0.000406564 0.000469869
1 0.920791 0.000484162 0.00726802 0.000992024 0.00107787 0.00123098 0.000681173 0.0374599 0.027769 0.000967444 0.00127827
1 0.789217 0.00102592 0.0224944 0.00238459 0.00392125 0.0013667 0.00153342 0.104194 0.0660934 0.00298938 0.00478007
1 0.83261 0.00017006 0.00242264 0.000557691 0.000598439 0.000342097 0.000622953 0.114453 0.0475763 0.00034471 0.000302474
1 0.943321 0.0026357 0.00395664 0.000481003 0.000802254 0.00185057 0.000658397 0.0117429 0.031589 0.00163901 0.00132387
1 0.743381 0.000371816 0.00876332 0.00102302 0.00119368 0.000503717 0.00095283 0.174563 0.0674337 0.000740051 0.00107419
1 0.640536 0.00123056 0.0361283 0.00284064 0.00462338 0.00132468 0.00224618 0.227317 0.0767175 0.00260298 0.00443225
1 0.597286 0.00198175 0.0392666 0.00416728 0.00790096 0.00170668 0.00261586 0.271022 0.0646602 0.00344311 0.00594908
1 0.846624 0.00024323 0.00625848 0.000792396 0.000971743 0.000486266 0.000820628 0.0628954 0.0793437 0.000621112 0.000943294
1 0.852266 0.000400293 0.00563283 0.00170007 0.00221687 0.000608548 0.00135441 0.0801301 0.052252 0.00126217 0.00217686
1 0.6915 0.000772588 0.0213786 0.00203249 0.00260095 0.00140157 0.00171451 0.208924 0.0660055 0.00139448 0.00227448
1 0.826559 0.000312382 0.00531176 0.00125944 0.00162465 0.000551729 0.00109391 0.105573 0.0556975 0.000869308 0.00114824
1 0.966908 0.000103999 0.000612176 0.000780249 0.000902953 0.000216506 0.000732628 0.0140029 0.0150481 0.000315538 0.000377186
1 0.813015 0.000312574 0.00484694 0.00103078 0.00128393 0.000583891 0.000915757 0.118443 0.0577603 0.000749963 0.00105776
1 0.926765 0.00021338 0.00150897 0.0010623 0.00137127 0.000323045 0.000894447 0.0489025 0.017779 0.000522555 0.0006572
1 0.790367 0.000465766 0.00872553 0.00120139 0.00151043 0.000650943 0.00109959 0.123818 0.0700121 0.00081371 0.00133505
1 0.915479 0.000188862 0.00150569 0.00114653 0.00142141 0.000337268 0.000979657 0.0514949 0.026188 0.000561781 0.000697222
1 0.726876 0.00105046 0.0145388 0.00351241 0.00568568 0.00163613 0.00221192 0.188996 0.0484367 0.00275407 0.00430125
1 0.575475 0.00484365 0.0993971 0.00537217 0.00836335 0.00415983 0.00272252 0.240296 0.0417838 0.0048088 0.0127779
1 0.554348 0.0039683 0.0115204 0.0017711 0.00215352 0.00281307 0.00156356 0.0891965 0.329791 0.0019919 0.000882208
1 0.640153 0.00570394 0.0120607 0.00199263 0.00242824 0.00431231 0.00163999 0.119161 0.209019 0.00255112 0.000977832
1 0.922206 0.00352613 0.00687838 0.00129751 0.00147796 0.00245515 0.00125516 0.0188493 0.0399979 0.0015278 0.000528182
1 0.939711 0.00241928 0.00520692 0.00126344 0.00153631 0.00117704 0.00119123 0.00613902 0.0392295 0.00131979 0.000806855
1 0.957732 0.00195336 0.00349213 0.00110341 0.00137662 0.00117852 0.00108304 0.00493652 0.0250373 0.00126617 0.000841164
1 0.969962 0.000916368 0.00172814 0.000958269 0.000943907 0.000839281 0.00107839 0.00402755 0.0185443 0.000644715 0.000357318
1 0.923804 0.00047286 0.00148337 0.000915925 0.00109433 0.00052712 0.00100408 0.00566712 0.0642014 0.000523766 0.000305747
1 0.928034 0.000409788 0.00126893 0.000786278 0.00102118 0.000436358 0.000847355 0.00388351 0.0625928 0.000434505 0.000285451
1 0.937995 0.000189355 0.000728375 0.000477157 0.000642684 0.000231464 0.000597688 0.00607413 0.0526074 0.000257174 0.000199189
1 0.927142 0.000153989 0.000844169 0.000388214 0.00047389 0.000179431 0.000464267 0.00731468 0.0625633 0.000223272 0.000252583
1 0.922962 0.000156664 0.00103858 0.000387293 0.000498168 0.000188249 0.000471993 0.0204796 0.0532764 0.000251277 0.000290315
1 0.899201 0.000263346 0.00268618 0.000680456 0.000869104 0.000220793 0.000648305 0.0579326 0.0365226 0.00051376 0.000461433
1 0.98378 0.000115725 0.000287817 0.00033526 0.000361214 0.000138947 0.00049009 0.00215353 0.0120651 0.000163296 0.000109257
1 0.876304 0.000984236 0.0082849 0.00185978 0.00272608 0.000797485 0.00124363 0.0591291 0.0443384 0.00175341 0.00257908
1 0.974001 0.000335571 0.00108854 0.000718694 0.000701412 0.00049671 0.000726207 0.0105228 0.0100403 0.000492596 0.00087615
1 0.843641 0.000473106 0.00501323 0.00139061 0.00167056 0.000367496 0.00103976 0.0889457 0.0553542 0.00116972 0.000934908
1 0.941949 0.000445376 0.00233883 0.00079597 0.000991502 0.000569165 0.000867838 0.0344113 0.0159904 0.000612064 0.00102896
1 0.975128 0.000181417 0.000485559 0.000417438 0.000470412 0.000204735 0.000590117 0.00412388 0.0180619 0.000217341 0.000119309
1 0.974897 0.000171178 0.000620816 0.000630722 0.000409289 0.000342733 0.000880417 0.00866824 0.012765 0.000247323 0.00036692
1 0.913795 0.00024972 0.00308143 0.000502815 0.000601241 0.000279802 0.000562608 0.0599399 0.0202912 0.000377763 0.000318857
9 0.404261 0.00394282 0.0209734 0.00108706 0.00128 0.00413753 0.000934266 0.0616913 0.495387 0.00447222 0.00183291
1 0.952969 0.00275871 0.00330912 0.000781819 0.0016915 0.0025451 0.000850321 0.0225825 0.00942411 0.00214686 0.000941311
2 0.000337152 0.974628 0.0123693 0.000719052 0.000265407 0.00686788 0.000538332 0.000931072 0.000385751 0.00112747 0.00183066
2 0.000264311 0.980323 0.0106119 0.000495704 0.00022292 0.00456585 0.000381029 0.000698779 0.000280312 0.000874207 0.00128249
2 0.000278966 0.987282 0.00606352 0.000561904 0.00021618 0.00265418 0.000432298 0.000643523 0.000209616 0.000798533 0.000858791
2 0.000719592 0.980187 0.00432383 0.00181809 0.000395048 0.00641014 0.00157883 0.00109499 0.000572364 0.00127281 0.00162741
2 0.000345726 0.972084 0.0124818 0.000837583 0.000334759 0.00818279 0.00050554 0.000787814 0.000427231 0.00182342 0.00218886
2 0.000559804 0.873301 0.0811205 0.00102428 0.000590577 0.0253643 0.000705026 0.00177702 0.00132692 0.00516133 0.00906893
2 0.000260839 0.883142 0.0967628 0.000520893 0.000281954 0.0104239 0.000592894 0.00103047 0.000678726 0.0013386 0.00496665
2 0.000217404 0.925425 0.0661478 0.000284772 0.000187988 0.00391832 0.000335078 0.000903505 0.000383057 0.000746064 0.00145095
2 0.000251171 0.953979 0.0373263 0.000307631 0.000164612 0.00414823 0.000261138 0.00104095 0.000176943 0.00116109 0.00118256
2 0.000325284 0.952303 0.0338975 0.000533337 0.000212856 0.00630759 0.000544524 0.0011281 0.000551724 0.00159436 0.00260131
2 0.00018334 0.990431 0.00275887 0.000395636 0.000184361 0.0011852 0.000418288 0.000580182 0.000263827 0.00143698 0.00216197
2 0.000267395 0.992987 0.000990614 0.000380692 0.000196507 0.00126214 0.000408557 0.000601347 0.000179903 0.00133879 0.00138693
2 0.000988612 0.920772 0.00232792 0.000623183 0.000578219 0.0490387 0.000401117 0.00128754 0.000670364 0.0168199 0.00649274
2 0.00114987 0.913997 0.00421061 0.000713435 0.000698945 0.0398166 0.000403371 0.00181365 0.00117431 0.0215716 0.0144505
2 0.0013624 0.870183 0.00275899 0.000957481 0.000919523 0.0864342 0.000579452 0.00144183 0.0008683 0.0246429 0.00985188
2 0.000426665 0.990794 0.000736092 0.000621675 0.00073555 0.00142362 0.000698628 0.000727314 0.000262631 0.0018703 0.0017031
2 0.000427417 0.989807 0.000863631 0.000545322 0.00102548 0.00147687 0.000547138 0.000832269 0.000270611 0.00232506 0.00187871
2 0.00018836 0.9913 0.00432212 0.00033588 0.000122916 0.001574 0.00038506 0.000508741 0.000185928 0.000474535 0.000602147
2 0.000181357 0.993752 0.0028168 0.000292337 0.000117758 0.0010342 0.000360009 0.000493634 0.000163831 0.000424992 0.000363067
2 0.00017559 0.991581 0.00466225 0.000312209 0.000105124 0.00131231 0.000419963 0.00042723 0.000111975 0.000394236 0.000497833
2 0.000165604 0.989834 0.00544403 0.000333816 0.000126548 0.00187102 0.000347573 0.000471402 0.000184547 0.000645149 0.000575826
2 0.000259078 0.95273 0.0327392 0.00041537 0.000216486 0.00694008 0.000439979 0.00103723 0.000612058 0.00200439 0.00260622
2 0.000182921 0.955915 0.0353229 0.000313407 0.000144814 0.00414023 0.000586447 0.000724275 0.000406166 0.000667426 0.00159614
2 0.000163105 0.979402 0.0166445 0.000187484 0.000105481 0.00149199 0.000272341 0.000570532 0.000197808 0.000373181 0.000591689
2 0.000274358 0.946135 0.0440223 0.000434245 0.0004814 0.00144761 0.000722111 0.00157733 0.000668097 0.00204598 0.0021914
2 0.000156884 0.983703 0.0124714 0.000208985 0.00014352 0.0016372 0.00022076 0.000540104 0.000164299 0.000565631 0.00018835
2 0.000494243 0.81668 0.166111 0.000664157 0.000642112 0.00256617 0.00134618 0.00334043 0.00186206 0.00188919 0.00440377
3 0.00118887 0.28707 0.651977 0.000989882 0.000871307 0.0178944 0.000885548 0.0279396 0.00356214 0.00422128 0.00339917
2 0.00155136 0.883374 0.072069 0.00301935 0.00625341 0.00582706 0.00378767 0.00313511 0.00165654 0.0036877 0.0156393
2 0.000131431 0.991429 0.00590993 0.000167719 0.000117066 0.000964047 0.000199169 0.000376646 0.000118872 0.000447958 0.000138082
3 0.000916443 0.189434 0.725426 0.000598358 0.000728959 0.00816152 0.000615519 0.0497506 0.0136135 0.00579017 0.00496469
2 0.000102128 0.989982 0.00762828 0.000148355 0.000117935 0.000884906 0.000148465 0.000281797 0.000101559 0.000463579 0.000141313
2 0.000363303 0.961665 0.0254302 0.000705377 0.000248224 0.0059925 0.000578787 0.0010866 0.0002611 0.00112954 0.00253975
2 0.000841093 0.975177 0.00387078 0.00255918 0.000436033 0.00880997 0.00286071 0.0012423 0.000657531 0.00156709 0.00197821
2 0.000709244 0.949877 0.0240418 0.00221247 0.000460034 0.0109353 0.00242623 0.00154404 0.000823909 0.00140605 0.0055636
2 0.000789025 0.565404 0.363553 0.00112818 0.000852378 0.0355517 0.000655062 0.0063385 0.00354973 0.00948925 0.0126898
2 0.000908305 0.635987 0.284985 0.00115351 0.000933476 0.0301492 0.000802887 0.00521783 0.00519023 0.0139768 0.0206957
2 0.000272638 0.949471 0.0396522 0.000364136 0.000230422 0.00607023 0.000365849 0.000770832 0.000382333 0.00098274 0.00143794
2 0.000209183 0.980326 0.0135632 0.000257495 0.000148218 0.00293281 0.000239907 0.000657506 0.000193332 0.000647224 0.000824924
2 0.000285026 0.92794 0.0579467 0.000563387 0.000222953 0.00697942 0.000502696 0.000921293 0.000195753 0.00113431 0.0033087
2 0.00161785 0.967367 0.00161359 0.00267574 0.000600525 0.0136717 0.00262387 0.00193973 0.00136943 0.00315332 0.00336687
2 0.000182264 0.969032 0.0185093 0.000436333 0.000176604 0.00300422 0.000670033 0.000600534 0.000371894 0.000899878 0.0061167
2 0.000157124 0.942008 0.0441613 0.000438452 0.000197675 0.00286852 0.000951386 0.000634835 0.000382641 0.000677695 0.00752227
2 0.000121876 0.967079 0.0263498 0.000265477 0.00012866 0.00157137 0.000532968 0.000434252 0.00022575 0.000428031 0.00286327
2 0.00010881 0.98869 0.00751243 0.000208191 8.95429e-05 0.00103638 0.000295696 0.000305259 0.000101499 0.000381316 0.00127112
2 0.000142532 0.980141 0.0122108 0.000307101 0.000128979 0.00222056 0.000359564 0.000438785 0.000198621 0.000629765 0.00322182
2 0.000164603 0.984711 0.00751048 0.000457096 0.000175337 0.00233877 0.000507317 0.00041872 0.000215989 0.000879583 0.00262111
2 0.000216579 0.960938 0.0242995 0.00052898 0.000224845 0.00481314 0.000544675 0.00062358 0.00036669 0.00126837 0.00617532
3 0.000577651 0.277367 0.646716 0.00157347 0.00133018 0.00592983 0.00204603 0.00612723 0.00815532 0.00935497 0.0408218
2 0.00036451 0.776163 0.170545 0.000902578 0.000487643 0.00659646 0.00140586 0.00252605 0.00271855 0.00312662 0.035164
2 0.000181939 0.961729 0.0264029 0.000511774 0.000364335 0.00197015 0.000568113 0.000723256 0.000208246 0.00214802 0.00519278
2 0.000191571 0.986112 0.00437431 0.000528384 0.000837275 0.00119322 0.000673092 0.000553244 0.0002396 0.00157185 0.00372502
2 0.001268 0.818357 0.00233755 0.00105641 0.00110921 0.14696 0.000912461 0.00207844 0.00124595 0.0171565 0.00751795
2 0.000897744 0.982343 0.000724117 0.00104484 0.00064913 0.00565342 0.00111535 0.00137605 0.000624998 0.00333652 0.00223503
2 0.00058075 0.985782 0.000758718 0.00055886 0.000999045 0.00238271 0.00048451 0.00092274 0.000352418 0.00543784 0.00174065
2 0.000328596 0.990197 0.00116741 0.000421391 0.000745919 0.0011669 0.000443733 0.000895409 0.000249482 0.00179516 0.00258947
2 0.00111273 0.942775 0.00265562 0.000595079 0.00146965 0.0237045 0.000388022 0.00142402 0.000673479 0.0170802 0.00812141
2 0.00038687 0.989094 0.000887173 0.000562593 0.000594027 0.00228623 0.000529449 0.000661005 0.000306743 0.00221046 0.00248135
2 0.000235844 0.961759 0.0230045 0.000708639 0.000847266 0.00228774 0.000730533 0.000975127 0.000299438 0.00192956 0.00722211
2 0.000325533 0.986871 0.00136704 0.000379785 0.00290688 0.00140976 0.000338559 0.000607924 0.000208254 0.00365173 0.001934
2 0.000344452 0.989229 0.00165897 0.000488991 0.00101316 0.00165089 0.000923811 0.000819131 0.000237152 0.00101031 0.00262462
2 0.00118351 0.95543 0.00336999 0.000636112 0.00220122 0.0124949 0.000385687 0.00137848 0.000651762 0.0141578 0.00811019
2 0.000307649 0.990571 0.00115236 0.00045593 0.00125574 0.00111572 0.000465027 0.000631612 0.000194922 0.00202385 0.0018263
2 0.000356439 0.9853 0.00314013 0.000424433 0.00234091 0.00130079 0.000341468 0.00074763 0.000218427 0.00321426 0.00261542
2 0.000502582 0.944891 0.0275907 0.000834576 0.0100032 0.00271144 0.000792319 0.00201291 0.000455342 0.00411845 0.00608743
2 0.000737983 0.981214 0.000920208 0.000562677 0.00285761 0.00405654 0.00057531 0.00111433 0.000434796 0.0058002 0.00172668
2 0.000833289 0.964827 0.00161064 0.000568794 0.00207226 0.0156878 0.000464398 0.00103213 0.000512676 0.0075928 0.00479828
2 0.000366956 0.995745 0.000591095 0.000432146 0.000154501 0.000405007 0.000498532 0.000764997 0.000249229 0.000527628 0.000265074
2 0.000457896 0.921316 0.0531319 0.00142237 0.000342182 0.0134682 0.00249065 0.00123317 0.000485874 0.000993606 0.00465865
2 0.000324954 0.990428 0.00309765 0.000718815 0.000138021 0.00135416 0.00174595 0.000756988 0.000275207 0.000441616 0.000718598
3 0.000296762 0.29398 0.686021 0.000487948 0.000241647 0.00570186 0.000613349 0.00429976 0.00152139 0.0022238 0.00461252
2 0.000450258 0.836127 0.133958 0.000589253 0.000387631 0.00932301 0.000567346 0.00292703 0.00218745 0.00590084 0.00758207
2 0.000189056 0.985865 0.00951835 0.000228475 0.000125569 0.0019372 0.000319316 0.000610683 0.000233626 0.000562007 0.000410743
2 0.000181813 0.993455 0.0035072 0.000193692 9.26947e-05 0.000925206 0.000229857 0.000559179 0.000130692 0.000404623 0.000320204
2 0.00101933 0.983792 0.000836516 0.00133156 0.000349342 0.00491877 0.0022896 0.00179298 0.000768801 0.00188235 0.00101832
2 0.000342066 0.889125 0.0624608 0.00146114 0.000561091 0.00805192 0.00929311 0.00112128 0.001133 0.000994509 0.0254565
2 0.00051496 0.788035 0.114212 0.00241231 0.000861277 0.0156778 0.038148 0.00165839 0.00192548 0.00140212 0.0351519
2 0.000169921 0.973279 0.0172123 0.000405616 0.000149969 0.00256681 0.00198795 0.000560957 0.000263787 0.000336256 0.00306716
2 0.000137856 0.991785 0.00443975 0.000219744 9.20817e-05 0.000977598 0.000362408 0.000401011 0.000147944 0.000374005 0.00106259
2 0.000134619 0.957279 0.0327462 0.000418755 0.000187898 0.00176012 0.000921866 0.000645123 0.000355769 0.000593366 0.00495689
2 0.000171953 0.96542 0.0247657 0.000394383 0.000160843 0.00288407 0.00088807 0.000637832 0.000331535 0.000673717 0.00367166
3 0.000703814 0.184201 0.600383 0.00550623 0.00398422 0.00830456 0.0254679 0.00588387 0.00767819 0.00555431 0.152333
2 0.000846292 0.987218 0.000732754 0.000562776 0.000756749 0.00373908 0.000822896 0.00163821 0.000545173 0.00243219 0.000705691
2 0.000117438 0.996849 0.00149668 0.000139483 8.95999e-05 0.000336358 0.000147853 0.000258846 7.64592e-05 0.000377116 0.000110888
2 0.0130909 0.27023 0.230353 0.0225077 0.00800257 0.192426 0.0187362 0.0210941 0.0193773 0.0357839 0.168398
2 0.000157035 0.990395 0.00591909 0.000216443 0.000107824 0.00106666 0.000420579 0.000538159 0.000197401 0.000420491 0.000561299
2 0.000177003 0.995265 0.00178582 0.000196284 0.000143728 0.0008086 0.00014831 0.00048747 0.000127316 0.000747868 0.000112834
2 0.00282283 0.656414 0.0108349 0.00291958 0.00116589 0.202746 0.00187016 0.00213843 0.0039882 0.0420929 0.0730076
2 0.00127973 0.913099 0.0575523 0.00111244 0.00101809 0.016401 0.000731213 0.00388974 0.00132443 0.00289651 0.000695019
6 0.00266896 0.174231 0.0233458 0.00318833 0.000743736 0.733024 0.00246884 0.00300626 0.00365589 0.0391474 0.0145204
2 0.000437508 0.935037 0.0515078 0.000457368 0.000495417 0.00703826 0.000363804 0.00176655 0.000653672 0.00181126 0.000431209
2 0.0296873 0.541863 0.22246 0.00723505 0.00851534 0.0636457 0.00418442 0.0751509 0.0220784 0.0223199 0.00285976
2 0.000499308 0.884892 0.0952425 0.000439946 0.000424599 0.0105368 0.000357391 0.0033236 0.000990124 0.00261362 0.000680604
2 0.000914521 0.613429 0.335614 0.000647972 0.000718774 0.014459 0.000539056 0.0168368 0.00426426 0.00938125 0.00319566
6 0.00322974 0.109338 0.0271198 0.00420392 0.000961685 0.7845 0.00341268 0.00328331 0.00614387 0.038463 0.0193444
2 0.000229386 0.949417 0.0440164 0.000250553 0.000200205 0.00261148 0.000292247 0.00119729 0.000390836 0.00107421 0.00032053
2 0.000289575 0.876464 0.113123 0.00038733 0.000318309 0.0017526 0.000659942 0.00209781 0.000969751 0.00229644 0.00164073
2 0.000328737 0.901942 0.0872268 0.000512938 0.000423014 0.00208095 0.0012107 0.00201672 0.000904215 0.0012262 0.0021282
2 0.000335273 0.906267 0.0818843 0.000558987 0.000618167 0.00177574 0.00101276 0.00240144 0.00093601 0.00215641 0.00205362
2 0.00038687 0.989094 0.000887173 0.000562593 0.000594027 0.00228623 0.000529449 0.000661005 0.000306743 0.00221046 0.00248135
3 0.00140604 0.005583 0.947265 0.00886953 0.00332503 0.00881921 0.00337576 0.0114217 0.00522283 0.0027815 0.00193075
3 0.00231567 0.00364124 0.853196 0.00371304 0.00434688 0.00439177 0.00215641 0.0840692 0.0358913 0.00342752 0.00285124
3 0.000213779 0.00236189 0.989875 0.000347703 0.000329105 0.0011781 0.000290761 0.00278712 0.00137312 0.000505386 0.00073802
3 8.93574e-05 0.00324535 0.993509 0.000129193 0.000109837 0.00062348 9.1524e-05 0.00135135 0.000256536 0.000235602 0.000358839
3 0.000243884 0.00130229 0.987316 0.000739549 0.000390208 0.00155871 0.000430712 0.00567555 0.000738025 0.000433852 0.00117119
3 0.00202861 0.00425048 0.872074 0.00368654 0.00405971 0.00480323 0.00229978 0.0816092 0.0193793 0.00316132 0.00264777
3 0.00199558 0.00293579 0.870995 0.00231399 0.00377497 0.00291019 0.00145128 0.0615449 0.0457256 0.00338548 0.00296738
3 0.000375952 0.00214328 0.976071 0.000632406 0.000715626 0.00145378 0.000549553 0.00871283 0.00696271 0.000934978 0.00144801
3 5.66587e-05 0.00192105 0.99567 0.000163804 0.00011135 0.000326992 0.000141723 0.000613494 0.000270408 0.000250228 0.000474614
3 0.0001253 0.00254823 0.991852 0.0004307 0.000301444 0.000647944 0.000257538 0.0015363 0.000466945 0.000814303 0.00101894
3 0.000146632 0.00122184 0.989697 0.000447403 0.000452079 0.000524131 0.000218232 0.00418824 0.000870736 0.000815402 0.00141787
3 0.000160053 0.00116308 0.988814 0.000557159 0.000691071 0.000474099 0.000253415 0.00473015 0.00109341 0.00087483 0.00118881
3 0.00208786 0.0398186 0.910596 0.00141097 0.00111715 0.0180695 0.000797592 0.0139352 0.0018948 0.00366822 0.00660402
3 0.000183413 0.0013457 0.983877 0.000264792 0.00022693 0.000725162 0.000218776 0.0078907 0.00294265 0.000502513 0.00182237
3 0.000114207 0.0013744 0.986967 0.000239142 0.000201053 0.000699681 0.00019013 0.00519574 0.00252404 0.000490767 0.00200422
3 0.000184893 0.0089454 0.9787 0.000570306 0.000762173 0.00088647 0.000414218 0.00237001 0.000976936 0.00158124 0.00460883
3 0.000146368 0.00129831 0.991065 0.000725776 0.000603834 0.000610432 0.000430571 0.00235305 0.000658129 0.000705938 0.00140275
3 0.00033372 0.00143697 0.982712 0.00103079 0.000878587 0.000715044 0.0008907 0.00790051 0.00127713 0.000887764 0.00193698
3 0.000802226 0.00496491 0.960711 0.00614119 0.00199619 0.00524427 0.00519356 0.00915818 0.00235827 0.00203754 0.00139222
3 0.000970469 0.00304203 0.911587 0.00197561 0.00181753 0.00257575 0.00200655 0.0581238 0.0140366 0.00190922 0.00195596
3 0.000152702 0.00243371 0.990204 0.000286309 0.000217003 0.000950987 0.000370196 0.0034959 0.000805759 0.000475181 0.000608551
3 8.51281e-05 0.0066359 0.990175 0.000114853 7.99733e-05 0.000609962 0.000132269 0.00140991 0.000199445 0.000249948 0.000308095
3 0.000144573 0.00120383 0.990965 0.000534913 0.000229767 0.000925987 0.00055372 0.00404873 0.000386147 0.000308485 0.000698821
3 0.00103844 0.00336099 0.907202 0.00244407 0.00205477 0.00300087 0.00281662 0.0632599 0.0108142 0.0019986 0.00200968
3 0.00124861 0.00284768 0.873926 0.00195991 0.00225399 0.00232473 0.00229874 0.0787732 0.0291911 0.00264827 0.00252816
3 0.000252984 0.00267453 0.975141 0.000565163 0.000481744 0.00148846 0.000816073 0.0128398 0.00344865 0.000900893 0.00139114
3 5.8112e-05 0.00542794 0.991924 0.000169388 8.8808e-05 0.000425324 0.000306748 0.000652545 0.000221484 0.000270963 0.000454287
3 4.64232e-05 0.00504742 0.990902 0.00014062 0.000121521 0.000355643 0.000325434 0.000962551 0.000721811 0.00027565 0.00110101
3 0.00411301 0.00933276 0.860237 0.00695134 0.000720274 0.0477194 0.00345575 0.00734845 0.050425 0.00312902 0.00656787
3 0.00459221 0.0066629 0.604078 0.00196583 0.00212809 0.0109932 0.00579926 0.0214271 0.296709 0.00553459 0.0401091
3 0.000609846 0.00200704 0.966238 0.000584798 0.000749884 0.00154258 0.00157586 0.0207925 0.00411592 0.000796107 0.000987374
3 4.99759e-05 0.000965376 0.9962 0.000218728 0.000130277 0.000270796 0.000176653 0.000598681 0.000321916 0.00023432 0.000832856
3 0.000103234 0.000466627 0.992813 0.00080199 0.000370025 0.00107141 0.000808124 0.00145948 0.000664105 0.000321735 0.00111994
3 0.000127618 0.00105669 0.98955 0.000817841 0.000485812 0.000596796 0.00164975 0.00210741 0.000827254 0.00051803 0.00226297
3 0.000843432 0.00132425 0.932 0.000714901 0.0006469 0.00248652 0.000771684 0.0321994 0.0243879 0.000720964 0.00390389
3 0.00138744 0.00297501 0.839255 0.000831684 0.000995748 0.00284415 0.000994783 0.0621252 0.0787743 0.00126944 0.00854718
3 0.000263538 0.00186817 0.97411 0.000469991 0.000536801 0.00112646 0.000518592 0.0124539 0.00601012 0.000802705 0.00183963
3 0.000568755 0.00305075 0.96065 0.00102066 0.00114022 0.00245853 0.00073666 0.020228 0.00638391 0.00145274 0.00231023
3 0.000347067 0.00269871 0.977251 0.000869177 0.000804274 0.00227361 0.000519509 0.0108212 0.00201933 0.00115662 0.00123914
3 0.000227069 0.00165724 0.98611 0.000719009 0.000586201 0.00147336 0.000382454 0.00622936 0.000932934 0.000734697 0.000947979
3 0.00423258 0.0209026 0.707457 0.00233653 0.00117203 0.231866 0.000798662 0.0178914 0.0044099 0.0080043 0.000929514
3 0.00279689 0.0682901 0.75226 0.00207688 0.000939106 0.149518 0.000931364 0.0123875 0.00180216 0.00584317 0.00315539
3 0.00259401 0.00867834 0.838111 0.00288185 0.00356148 0.00654308 0.00172659 0.0784812 0.0503947 0.00351467 0.00351288
3 0.00332019 0.00972475 0.8579 0.00294995 0.00381884 0.00640954 0.00182763 0.068474 0.0397311 0.00349058 0.00235321
3 0.0135747 0.0228168 0.785769 0.00633387 0.00478229 0.0463566 0.00228111 0.0475011 0.0536313 0.0155581 0.00139477
3 0.0100499 0.0187176 0.845362 0.00384531 0.00336882 0.0319901 0.00146821 0.0438973 0.0298566 0.0106368 0.000807103
3 0.00247235 0.0467629 0.903968 0.00171251 0.00234039 0.00833825 0.000894248 0.0146724 0.0024934 0.00381016 0.0125357
3 0.000406093 0.00602763 0.975078 0.00163523 0.00290864 0.0014826 0.0012271 0.00299339 0.00114005 0.0011507 0.00595036
3 0.00013094 0.00101918 0.992433 0.000343069 0.00048378 0.000273161 0.000177095 0.00249592 0.0013145 0.000510951 0.000818483
3 0.000247204 0.00152271 0.98663 0.000424574 0.000497941 0.000677218 0.000298369 0.00415966 0.00161511 0.00083277 0.00309422
3 0.00763771 0.128072 0.539092 0.0130996 0.00803243 0.103601 0.00678584 0.0146785 0.00715157 0.0142348 0.157614
3 0.0025983 0.0133956 0.935639 0.00248282 0.00225777 0.0100452 0.000911504 0.0128589 0.00426872 0.00485616 0.0106862
3 0.000277093 0.0027059 0.97998 0.000552683 0.000663107 0.000967867 0.000434829 0.00468802 0.00319447 0.0010003 0.00553575
3 0.000171999 0.00208995 0.989016 0.000487995 0.000499958 0.000570407 0.000348421 0.00165857 0.000887512 0.000583233 0.00368552
3 9.53067e-05 0.0025208 0.989572 0.00024228 0.000191805 0.000530364 0.000287887 0.00182179 0.00182089 0.000359131 0.00255799
3 0.000112922 0.00185968 0.992199 0.000429926 0.000278314 0.000487737 0.000467688 0.00137591 0.000680893 0.000395528 0.00171207
3 0.000137868 0.0545357 0.932631 0.000468057 0.000470068 0.00128831 0.000520649 0.00103269 0.000621382 0.000931358 0.00736314
3 0.000120091 0.00209965 0.988752 0.000300167 0.000232723 0.000699345 0.000261497 0.00321971 0.00145246 0.000532865 0.00232953
3 0.000159568 0.0024989 0.9884 0.00050052 0.00066269 0.000564138 0.000310607 0.00195151 0.00105326 0.000940691 0.00295852
3 0.0050265 0.0309234 0.808954 0.00524196 0.00221641 0.0763709 0.00199109 0.0112089 0.00768075 0.00753225 0.0428537
3 0.000179199 0.00104812 0.990405 0.000294824 0.000203366 0.00048779 0.000289777 0.00354324 0.00150186 0.000345858 0.00170136
3 0.00013206 0.00170024 0.989371 0.000245263 0.000215844 0.000498289 0.0002226 0.00304149 0.00198129 0.000453193 0.00213847
3 0.00833428 0.0669646 0.642614 0.0116205 0.00717325 0.0783141 0.00475103 0.014554 0.00985438 0.0127144 0.143105
3 0.0027986 0.00887773 0.937356 0.00225591 0.000986445 0.0217737 0.000920366 0.0091854 0.00449625 0.00283404 0.00851599
3 0.00016132 0.00205601 0.983303 0.000332439 0.000380582 0.000707158 0.00026356 0.00569988 0.00364624 0.000718338 0.0027315
3 0.00026751 0.00283034 0.954686 0.000533798 0.000417075 0.00186234 0.000596637 0.0167155 0.0151311 0.000922199 0.00603758
3 0.00501645 0.00535633 0.922783 0.00332287 0.000993176 0.0256775 0.00107883 0.00966752 0.0150391 0.00290438 0.0081609
3 5.40516e-05 0.00184471 0.994005 0.000316457 0.000124895 0.000525145 0.000964767 0.000722755 0.000325813 0.000246379 0.000870524
3 0.000160556 0.00140401 0.977686 0.00176028 0.000612891 0.00587693 0.00649436 0.00146078 0.00108925 0.000519616 0.00293512
3 0.000299893 0.00464371 0.962407 0.00220863 0.00130456 0.00325122 0.0142742 0.00383225 0.00120477 0.00101345 0.00556018
3 0.000139848 0.00131626 0.983026 0.00044049 0.000326522 0.000899373 0.00082319 0.00821652 0.00271879 0.00054573 0.00154713
3 0.000243551 0.00287541 0.972478 0.000659245 0.00053194 0.00174904 0.000815447 0.015705 0.00227649 0.000962282 0.00170334
3 0.000195738 0.00220411 0.98551 0.000554491 0.00037462 0.00129433 0.000624946 0.00691212 0.000824234 0.000709459 0.000795918
3 0.000167832 0.00207527 0.986157 0.000572415 0.000356002 0.00126187 0.000598728 0.00689791 0.000505496 0.000630519 0.000777275
3 0.00211894 0.0532606 0.71135 0.00120604 0.000621924 0.208274 0.000591473 0.0143812 0.0017619 0.00543449 0.000999842
3 0.00187732 0.179642 0.716084 0.00141674 0.000751428 0.079463 0.000942004 0.0103155 0.00118459 0.00448026 0.00384316
3 0.00132493 0.0066769 0.870793 0.00204279 0.00190604 0.00445974 0.00191366 0.0775894 0.0280698 0.00235402 0.00286988
3 0.00183167 0.00736297 0.869315 0.00229344 0.00251953 0.00494585 0.00185046 0.0870574 0.0181222 0.00253981 0.00216223
3 0.00610722 0.0199191 0.797306 0.00360585 0.00249448 0.105377 0.00129865 0.0299148 0.0208073 0.0122576 0.000911914
3 0.00406891 0.0145493 0.894322 0.00222729 0.00178109 0.034333 0.000867993 0.029246 0.0116819 0.00646197 0.000460367
3 6.54596e-05 0.00191696 0.992168 0.000152183 0.000151543 0.000320834 0.000275829 0.00281695 0.00109431 0.000408395 0.000629924
3 8.81019e-05 0.00229704 0.982096 0.000262504 0.000167164 0.000978938 0.00111264 0.00426954 0.00672103 0.000451143 0.0015555
3 0.00201776 0.00647471 0.933344 0.00337411 0.000435009 0.0258663 0.00145357 0.00563696 0.0163674 0.00185423 0.00317605
3 5.02972e-05 0.00387898 0.992828 8.545e-05 8.51846e-05 0.000274564 0.000112201 0.00162155 0.000450413 0.000339616 0.00027375
3 0.000647818 0.00833344 0.958923 0.000482628 0.000662767 0.00282445 0.000346065 0.0233374 0.00272779 0.00123559 0.000479143
3 0.0174655 0.0597929 0.593954 0.0101369 0.00648705 0.153253 0.00379415 0.0564034 0.0660098 0.0303986 0.00230451
3 0.00528511 0.0140309 0.781146 0.0048288 0.00139128 0.14284 0.00158504 0.0175471 0.0214643 0.00848201 0.00139928
3 7.3786e-05 0.00601 0.988031 0.000181446 0.000141299 0.000474442 0.000501945 0.00201985 0.00118892 0.000444674 0.000932207
3 0.00038237 0.0428852 0.918251 0.00118313 0.00142347 0.00550109 0.00717431 0.00439217 0.00440228 0.00127163 0.0131331
3 0.00339046 0.00357016 0.942333 0.00125126 0.000343621 0.00245364 0.000865496 0.0160341 0.0280357 0.000508903 0.0012138
3 7.50655e-05 0.00191155 0.987628 0.000298153 0.000170929 0.000946701 0.00142937 0.0022917 0.00309311 0.00037935 0.00177597
3 0.00279655 0.0470338 0.664712 0.0041841 0.000900709 0.246109 0.00202112 0.00736813 0.00588807 0.00794343 0.0110432
3 0.000104354 0.00354078 0.990256 0.00030882 0.000308618 0.000400474 0.000587693 0.00198651 0.000832114 0.000676296 0.000998439
11 0.00925219 0.0795487 0.153846 0.0373828 0.004283 0.0824446 0.101439 0.00724184 0.0242883 0.011039 0.489235
3 0.000132903 0.00464361 0.985277 0.000157381 0.00019638 0.000829334 0.000157574 0.00675827 0.000939215 0.000561865 0.000346138
3 0.000549172 0.00362943 0.964929 0.000576352 0.000682828 0.00103494 0.000590321 0.0194443 0.00702926 0.00110371 0.000430787
3 0.00507512 0.00852044 0.855747 0.00531312 0.00110768 0.0243956 0.00240485 0.0191868 0.0729798 0.0033139 0.00195528
3 0.000153391 0.00498929 0.985225 0.000180046 0.000206598 0.00101047 0.000196877 0.00582655 0.00119718 0.000573335 0.000441372
3 0.000120091 0.00209965 0.988752 0.000300167 0.000232723 0.000699345 0.000261497 0.00321971 0.00145246 0.000532865 0.00232953
3 0.00201776 0.00647471 0.933344 0.00337411 0.000435009 0.0258663 0.00145357 0.00563696 0.0163674 0.00185423 0.00317605
4 0.00195329 0.00132604 0.00250587 0.964957 0.00676858 0.0041996 0.00514298 0.00157056 0.00184125 0.00881508 0.000919297
4 0.00150118 0.000744714 0.00129316 0.973442 0.00347827 0.00348765 0.0055228 0.000906806 0.00124948 0.00759863 0.000775727
4 0.000635228 0.000325367 0.000732799 0.984499 0.00217373 0.00168933 0.00434877 0.000552801 0.000569613 0.00401598 0.000457204
4 0.000539606 0.000201279 0.000587127 0.985557 0.00262154 0.00128989 0.00426769 0.000546249 0.000486991 0.00345097 0.000451338
4 0.000824148 0.000782477 0.0023385 0.84446 0.0113885 0.00466634 0.128065 0.000897873 0.00096997 0.00488675 0.000720065
4 0.000926998 0.000650885 0.00173775 0.959676 0.00526067 0.00330679 0.0189779 0.000877501 0.00104807 0.00674156 0.000795483
4 0.00237467 0.00139166 0.00244528 0.962921 0.00552381 0.00488603 0.00589401 0.001527 0.00226701 0.0095779 0.00119208
4 0.000263338 0.000483485 0.000664867 0.985572 0.00134831 0.0017714 0.00434161 0.00039805 0.000296954 0.00333225 0.00152762
4 0.000336115 0.000350536 0.000641524 0.990045 0.00117865 0.00113019 0.00237808 0.000477467 0.00031058 0.00238235 0.000769034
4 0.000426686 0.000226001 0.000487511 0.988541 0.00121826 0.00111642 0.00195222 0.000428293 0.000733295 0.00384737 0.0010233
4 0.00325402 0.000821642 0.00759449 0.908819 0.0113502 0.0166678 0.0135023 0.00195002 0.0089691 0.0237596 0.00331224
4 0.000385519 0.000467165 0.000617846 0.9679 0.00262298 0.0071471 0.00688445 0.000374097 0.000647625 0.00807313 0.00487968
4 0.000336425 0.000527474 0.000692584 0.973936 0.00200225 0.00545852 0.00694617 0.000399573 0.000464798 0.00553651 0.00369981
4 0.000257331 0.000519242 0.000798145 0.978752 0.00145233 0.00321337 0.00857337 0.000406052 0.000345003 0.00368686 0.00199651
4 0.00037329 0.000295472 0.000402529 0.977109 0.00207263 0.00477195 0.00501883 0.000302112 0.000542656 0.0071117 0.00199966
4 0.00056817 0.000553053 0.000956418 0.961192 0.00421891 0.00572112 0.00755834 0.000668572 0.00131176 0.00958756 0.0076639
4 0.00050425 0.000363512 0.000666489 0.983627 0.00168327 0.00182959 0.00612024 0.000424154 0.000398048 0.00391771 0.000465416
4 0.000708118 0.000371715 0.000598806 0.98161 0.0019954 0.00205098 0.00646658 0.000436219 0.000516353 0.00471123 0.000534512
4 0.000377534 0.00029719 0.000732274 0.980992 0.00172863 0.00173569 0.00988029 0.000389836 0.000392875 0.00292747 0.000546174
4 0.000459705 0.000234769 0.000861273 0.981792 0.00238376 0.00166509 0.00803897 0.000568975 0.000454606 0.00286884 0.000672125
4 0.000711426 0.000792245 0.00230682 0.753412 0.0130984 0.0049052 0.218468 0.000742345 0.000804019 0.00399762 0.000762443
4 0.000576725 0.000484896 0.00130459 0.952058 0.0049595 0.00285436 0.0314774 0.000581013 0.000615887 0.0044749 0.000612895
4 0.0010878 0.000674838 0.00109582 0.980126 0.00264782 0.00255037 0.00444805 0.000727248 0.000777984 0.0050987 0.000765103
4 0.00225343 0.00402421 0.00331588 0.956122 0.00279568 0.0123373 0.00614691 0.00139864 0.00152516 0.00714517 0.00293563
4 0.000866712 0.00120319 0.00134007 0.978221 0.00140304 0.0042827 0.00638608 0.000597173 0.000579049 0.00402712 0.00109431
