labels 0 1 2 3 4 5
0 0.898997 0.025743 0.0214548 0.0275356 0.0211875 0.0050817
0 0.914205 0.0252373 0.015907 0.0230976 0.016236 0.00531729
0 0.929345 0.0208126 0.013387 0.0176371 0.0151234 0.00369528
0 0.925085 0.0211354 0.0141024 0.0189729 0.0173673 0.003337
0 0.921274 0.0185315 0.0171354 0.0186228 0.0211303 0.00330622
0 0.912677 0.0194324 0.0211762 0.0208134 0.0219961 0.00390523
0 0.928883 0.0227368 0.0132662 0.0174045 0.014721 0.00298833
0 0.908396 0.0300403 0.0157446 0.0266933 0.0140437 0.00508184
0 0.492324 0.0402189 0.146877 0.216186 0.0648201 0.0395741
0 0.92592 0.0199234 0.014206 0.0190325 0.0175033 0.00341501
0 0.920536 0.0171679 0.0184089 0.0225925 0.0174698 0.00382451
0 0.881806 0.0329551 0.0290324 0.0287421 0.0208528 0.00661178
3 0.108733 0.0107549 0.399038 0.425678 0.0395933 0.0162033
0 0.921983 0.0322075 0.0126809 0.014859 0.0151545 0.00311504
0 0.910689 0.0294755 0.0171855 0.0195861 0.0177361 0.0053274
0 0.826458 0.0133519 0.0612268 0.0525693 0.0341945 0.0121997
0 0.844979 0.0127025 0.0534939 0.0483281 0.029647 0.0108493
0 0.833562 0.0117033 0.0582878 0.0527372 0.0317929 0.0119168
0 0.830102 0.0122984 0.0589989 0.05321 0.0331563 0.012234
0 0.835385 0.0105815 0.0584757 0.0534568 0.0300264 0.012075
0 0.865943 0.0398988 0.0232395 0.0384808 0.0235445 0.00889333
0 0.834343 0.0524521 0.0309468 0.0425869 0.0246779 0.0149929
0 0.836138 0.0425952 0.0310395 0.0443659 0.0269099 0.0189516
0 0.812717 0.0772503 0.0322994 0.0371059 0.0247197 0.0159072
0 0.812934 0.0641707 0.0322389 0.044647 0.0295 0.0165091
0 0.879577 0.0388949 0.0198516 0.0279562 0.0286206 0.00509924
0 0.872137 0.0382411 0.0217259 0.03636 0.0213316 0.0102043
0 0.912285 0.0243513 0.0168581 0.0220749 0.0200638 0.00436649
0 0.902729 0.0276131 0.0177072 0.0253364 0.0213842 0.00522991
0 0.907298 0.0262002 0.0164759 0.0250309 0.0197945 0.00520028
1 0.00598018 0.950162 0.007091 0.0142565 0.0169452 0.00556493
1 0.00803566 0.924236 0.0145791 0.0215769 0.0239377 0.00763521
1 0.00979331 0.922677 0.0198898 0.0213511 0.0191813 0.0071078
1 0.00587259 0.937901 0.0109614 0.0185015 0.0212982 0.00546483
1 0.00847186 0.920795 0.0153839 0.0211885 0.0248647 0.00929575
1 0.00796901 0.938796 0.00997908 0.0172468 0.021089 0.00491991
1 0.00520799 0.932375 0.0114415 0.0182463 0.0257775 0.00695172
1 0.00561571 0.955831 0.0070027 0.0120615 0.0139572 0.00553155
1 0.00906051 0.92332 0.0200375 0.0210159 0.0180898 0.00847593
1 0.00718056 0.92238 0.0196122 0.0217426 0.0187562 0.0103281
1 0.00605058 0.802814 0.0486795 0.071919 0.04838 0.0221566
1 0.00741427 0.731229 0.0778913 0.117322 0.0377063 0.028437
1 0.0070147 0.72988 0.144854 0.0590974 0.044707 0.0144463
1 0.00684361 0.667355 0.154617 0.100682 0.0511714 0.0193316
1 0.0178002 0.863836 0.0381535 0.0327147 0.0239424 0.023553
1 0.00875845 0.929738 0.01218 0.019559 0.0224465 0.00731805
1 0.00772879 0.880698 0.0427283 0.041031 0.0180218 0.00979211
1 0.00467966 0.935464 0.00824553 0.0164108 0.0275706 0.00762953
1 0.0167204 0.917915 0.0204029 0.0207389 0.0185171 0.00570546
1 0.126469 0.634921 0.053115 0.127602 0.0389016 0.0189906
1 0.00369413 0.929554 0.0129382 0.0193223 0.0262118 0.00827909
1 0.00555859 0.929954 0.0128633 0.0200928 0.0245018 0.00702926
1 0.00632228 0.940934 0.00994239 0.0160712 0.0209315 0.005799
1 0.00845619 0.895386 0.020981 0.0445962 0.0185012 0.0120797
1 0.00895743 0.916072 0.0217941 0.03055 0.0156457 0.00698047
1 0.00621393 0.929892 0.012675 0.0195997 0.0263099 0.00530989
1 0.00719493 0.929833 0.0190197 0.0214168 0.0148464 0.00768931
1 0.00435022 0.925638 0.0145266 0.0206389 0.023709 0.011137
1 0.0061838 0.93091 0.0188089 0.0212686 0.0149997 0.00782894
1 0.00779911 0.930567 0.014994 0.0181551 0.0193713 0.00911375
2 0.0197257 0.0610485 0.551058 0.247922 0.0975125 0.0227331
2 0.0108185 0.018743 0.483377 0.424479 0.0496124 0.0129701
2 0.0159833 0.0719351 0.489216 0.331715 0.0667195 0.0244308
2 0.128248 0.0184806 0.431841 0.336912 0.0667387 0.0177804
2 0.0151601 0.0347237 0.543078 0.306226 0.0632615 0.037551
2 0.00942936 0.035704 0.543147 0.303214 0.0736392 0.0348661
2 0.00935728 0.0286653 0.520998 0.34628 0.0669622 0.0277375
2 0.0150559 0.0426531 0.548926 0.275952 0.0907555 0.0266573
2 0.00903184 0.0253938 0.547615 0.31305 0.0719006 0.0330089
2 0.0105923 0.0320029 0.540519 0.306879 0.059676 0.0503299
2 0.00892797 0.0283401 0.536262 0.317126 0.0687012 0.0406421
2 0.0756869 0.0552534 0.477453 0.270376 0.0879638 0.0332664
2 0.008624 0.0323331 0.527953 0.32819 0.0801628 0.0227363
2 0.0122801 0.030075 0.541386 0.285967 0.0658512 0.0644399
2 0.0110624 0.104559 0.472594 0.301194 0.0513538 0.0592367
2 0.171134 0.0132072 0.373182 0.32288 0.0556892 0.0639076
2 0.0085472 0.0340045 0.533379 0.331322 0.0656246 0.0271223
2 0.0109151 0.0548024 0.54936 0.260644 0.0947139 0.029565
2 0.00890947 0.0471416 0.536602 0.297308 0.0722098 0.0378284
2 0.00801751 0.0242902 0.518836 0.348541 0.0674973 0.0328184
2 0.00788992 0.0284989 0.547697 0.323497 0.0618337 0.0305838
2 0.0115852 0.0831619 0.543544 0.23678 0.0761429 0.0487866
2 0.00937689 0.0264811 0.529966 0.312273 0.0749266 0.0469756
2 0.018268 0.0653791 0.509999 0.248993 0.123536 0.0338247
2 0.0121885 0.037871 0.524574 0.277528 0.0736838 0.0741548
2 0.00908949 0.0255141 0.542377 0.310794 0.0800922 0.0321329
2 0.0130462 0.0313307 0.541202 0.312218 0.06149 0.0407129
2 0.00768587 0.0389373 0.547095 0.325303 0.0559327 0.0250458
2 0.00953808 0.0503275 0.540615 0.283143 0.0827084 0.0336689
2 0.00677688 0.0256646 0.54918 0.335843 0.0577337 0.0248019
3 0.0352695 0.105567 0.212907 0.5116 0.0962409 0.0384149
3 0.0184205 0.046454 0.223893 0.476375 0.188438 0.046419
3 0.0306459 0.0898445 0.254672 0.530311 0.0689961 0.0255307
3 0.018394 0.0736787 0.269765 0.515563 0.0874092 0.0351903
3 0.0213177 0.0584687 0.172935 0.534522 0.145319 0.067438
3 0.0229306 0.0121967 0.346725 0.546507 0.043911 0.0277301
3 0.00905237 0.0156002 0.410336 0.486558 0.0662507 0.0122025
3 0.0115745 0.0299592 0.255343 0.550721 0.0605161 0.0918867
3 0.00918565 0.0214592 0.273966 0.53333 0.11048 0.0515789
3 0.0125993 0.0717037 0.280391 0.528907 0.0688977 0.0375019
3 0.108341 0.00844727 0.371939 0.455103 0.0314744 0.0246947
3 0.0111893 0.0487306 0.22843 0.526316 0.108229 0.0771058
3 0.00882118 0.0296051 0.284159 0.530626 0.104537 0.0422522
3 0.00841344 0.0325977 0.291369 0.528712 0.0949572 0.0439511
3 0.0112031 0.077466 0.25237 0.520429 0.0813757 0.0571559
3 0.0179605 0.0329969 0.16085 0.558781 0.116496 0.112916
3 0.0131379 0.0782474 0.234224 0.524141 0.0860387 0.0642108
3 0.0161308 0.0635437 0.226115 0.526476 0.120726 0.0470084
3 0.0161644 0.0476994 0.200843 0.532542 0.141134 0.0616174
3 0.0144019 0.0436462 0.191689 0.551974 0.151192 0.047096
3 0.0077884 0.0252508 0.319392 0.537082 0.0759642 0.0345225
3 0.0137264 0.0941834 0.183809 0.536815 0.11819 0.0532757
3 0.049549 0.0798759 0.212683 0.496343 0.0686056 0.0929436
3 0.0113767 0.0277574 0.273862 0.542252 0.0560102 0.0887417
3 0.0118988 0.0392505 0.231332 0.534193 0.0955985 0.0877273
3 0.00882837 0.0318713 0.287432 0.52825 0.0973944 0.0462239
3 0.00846976 0.0237343 0.301417 0.533055 0.0927992 0.0405247
3 0.00897603 0.0283392 0.285808 0.528995 0.0990765 0.0488053
3 0.00820568 0.0252181 0.31802 0.527762 0.082058 0.0387356
3 0.00834152 0.0304503 0.324922 0.522683 0.073062 0.040542
0 0.317152 0.0262275 0.226551 0.175159 0.223167 0.0317432
4 0.00814673 0.0643781 0.0485395 0.143903 0.716187 0.0188455
4 0.00818522 0.0427595 0.0395806 0.1118 0.773393 0.0242808
4 0.0102722 0.0201778 0.0996465 0.1927 0.657937 0.0192667
4 0.00725738 0.0178218 0.0558461 0.12499 0.761532 0.0325522
4 0.00897893 0.019288 0.0688091 0.134025 0.740361 0.0285381
4 0.0072122 0.0156875 0.0729549 0.119259 0.7626 0.0222867
4 0.00606336 0.013327 0.0277229 0.0582049 0.879632 0.01505
4 0.00745103 0.0203458 0.0476032 0.124472 0.779604 0.0205239
4 0.00752622 0.0180291 0.0646688 0.133309 0.753463 0.0230047
4 0.00695886 0.0244599 0.0298662 0.0774813 0.83792 0.0233136
4 0.00919091 0.0107449 0.0268374 0.0613397 0.876671 0.0152158
4 0.00996822 0.064628 0.0269801 0.0723986 0.803227 0.0227982
4 0.0225428 0.0314661 0.204624 0.128313 0.593454 0.019601
4 0.00983679 0.0196075 0.0273254 0.0578768 0.874927 0.010427
4 0.00675586 0.00778936 0.0202861 0.0493245 0.904211 0.0116331
4 0.00521025 0.00953407 0.0173097 0.0414919 0.916196 0.010258
4 0.00487812 0.00768459 0.0237024 0.0583452 0.890914 0.0144758
4 0.00489686 0.00837064 0.0244343 0.0563167 0.891144 0.014837
4 0.0076886 0.0164145 0.0274503 0.0588121 0.875903 0.0137316
4 0.00524022 0.00645887 0.0169175 0.0426172 0.918501 0.0102653
4 0.00556004 0.00930958 0.0246292 0.0612457 0.883346 0.0159099
4 0.00592956 0.00681016 0.018316 0.0442023 0.912089 0.0126532
4 0.00710545 0.00966044 0.0258604 0.061239 0.884173 0.0119615
4 0.00606757 0.00665282 0.018516 0.0440861 0.912376 0.0123018
4 0.00844401 0.011364 0.0261026 0.061724 0.879279 0.0130868
4 0.00791091 0.0200243 0.0276467 0.0570031 0.874188 0.0132267
4 0.00713659 0.00914742 0.0391992 0.0883044 0.837666 0.0185464
4 0.00743119 0.0168751 0.0275751 0.0588247 0.873839 0.0154554
4 0.00777938 0.0177721 0.0652129 0.16942 0.719234 0.020581
5 0.00723273 0.00889729 0.0106203 0.0164991 0.0157883 0.940962
5 0.00763466 0.00852732 0.0276763 0.0587934 0.025711 0.871657
5 0.00756113 0.00597247 0.00764192 0.0161602 0.0147869 0.947877
5 0.00750046 0.0142121 0.00950278 0.0155022 0.0140715 0.939211
5 0.00557636 0.00372904 0.00647508 0.0121224 0.014735 0.957362
5 0.00592081 0.00474199 0.0090128 0.0137275 0.0177206 0.948876
5 0.00487357 0.0028494 0.00421765 0.00728536 0.00845707 0.972317
5 0.00705599 0.00610448 0.0105121 0.0188615 0.0166004 0.940866
5 0.00474667 0.00327139 0.00542578 0.00873657 0.0103872 0.967432
5 0.00694603 0.00541351 0.0138366 0.0216874 0.0183028 0.933814
5 0.00679168 0.00962473 0.0124512 0.0196223 0.0219771 0.929533
5 0.00539173 0.00907188 0.0101432 0.0158664 0.0153639 0.944163
5 0.00513281 0.00334848 0.00548389 0.010656 0.010551 0.964828
5 0.00554566 0.00352513 0.00543893 0.011786 0.0103167 0.963388
5 0.00685379 0.0116592 0.00973128 0.0160731 0.0233028 0.93238
5 0.00613696 0.00476189 0.00911174 0.0166517 0.0193531 0.943985
5 0.00563713 0.0043782 0.00590952 0.0133757 0.0141073 0.956592
5 0.00710113 0.014298 0.00947353 0.0154075 0.0147627 0.938957
5 0.00576009 0.00335743 0.0050322 0.00967337 0.0102825 0.965894
5 0.00700153 0.00489603 0.00900016 0.018652 0.0210243 0.939426
5 0.00692647 0.0136608 0.00777369 0.0154354 0.0262064 0.929997
5 0.00914874 0.00660751 0.015302 0.0189657 0.0156666 0.934309
5 0.0072805 0.0066214 0.00928757 0.0167933 0.0181366 0.941881
5 0.00812075 0.00663447 0.0113425 0.0226389 0.0171681 0.934095
5 0.00697482 0.00943824 0.0166835 0.0339332 0.0208158 0.912155
5 0.00603015 0.00504437 0.0101748 0.0210843 0.0154909 0.942175
5 0.0153311 0.0564228 0.0869334 0.311741 0.0540761 0.475495
5 0.00708815 0.0118397 0.0256671 0.047715 0.0352792 0.872411
2 0.0657947 0.0114547 0.405376 0.369239 0.051405 0.0967305
5 0.00484178 0.00279224 0.00406762 0.00804862 0.00736653 0.972883
