labels 0 1 2 3 4 5
0 0.660252 0.0777967 0.0445374 0.0934727 0.0484507 0.0754909
0 0.661249 0.0896387 0.0404999 0.0924506 0.0453322 0.0708298
0 0.631397 0.0887537 0.0477547 0.0980235 0.0529529 0.0811179
0 0.70837 0.0712456 0.0340706 0.084893 0.0381945 0.0632263
0 0.670478 0.0941936 0.0382326 0.0951361 0.0405003 0.0614593
0 0.668549 0.0715095 0.0475928 0.0885946 0.0471427 0.0766117
0 0.655458 0.0787961 0.0445802 0.096489 0.0479976 0.0766794
0 0.647609 0.0958936 0.0413765 0.0948554 0.0469934 0.0732721
0 0.622235 0.083445 0.0566428 0.100492 0.0556311 0.0815543
0 0.657851 0.0793917 0.0464636 0.0898428 0.0492658 0.077185
0 0.674776 0.0724657 0.0479598 0.0810985 0.0487763 0.0749241
2 0.119299 0.0604995 0.265045 0.180725 0.244997 0.129434
2 0.0916184 0.0598325 0.271639 0.189137 0.253753 0.13402
2 0.0799356 0.196224 0.269087 0.186445 0.147656 0.120652
2 0.0518214 0.204935 0.280657 0.181684 0.160655 0.120247
0 0.605236 0.0805157 0.0690344 0.110599 0.0541545 0.0804609
0 0.634437 0.0754937 0.0618313 0.0980429 0.0514695 0.0787257
0 0.638145 0.0741983 0.0609487 0.0980023 0.0502391 0.0784669
0 0.631975 0.0764396 0.0608012 0.0978126 0.0516821 0.0812891
0 0.616525 0.077932 0.0607282 0.106801 0.0529532 0.0850605
0 0.538319 0.182839 0.0459083 0.107393 0.0568485 0.0686924
2 0.0524503 0.20278 0.282315 0.181547 0.161182 0.119725
2 0.0516024 0.204593 0.28076 0.181678 0.160977 0.120389
2 0.0524371 0.202509 0.282407 0.181542 0.161252 0.119853
2 0.109437 0.060214 0.267886 0.183632 0.2482 0.130632
0 0.351011 0.18372 0.0718481 0.171191 0.117901 0.104328
0 0.635588 0.103471 0.0433743 0.0963634 0.0496555 0.0715476
0 0.631059 0.0901435 0.0481078 0.097861 0.0528785 0.0799499
0 0.666826 0.0949756 0.0394372 0.0864356 0.0438785 0.0684473
0 0.660123 0.0875535 0.0403237 0.0934719 0.0461446 0.0723833
1 0.0780239 0.344406 0.103404 0.19643 0.13714 0.140596
1 0.115729 0.33254 0.0868262 0.189162 0.116382 0.159361
2 0.0520824 0.203079 0.282206 0.18154 0.16118 0.119912
1 0.0977559 0.339875 0.101572 0.191714 0.134852 0.134231
1 0.255583 0.311686 0.0833186 0.147261 0.0932621 0.10889
1 0.100611 0.351655 0.0906175 0.19627 0.136987 0.12386
1 0.0800059 0.341002 0.112576 0.193831 0.135146 0.137439
1 0.0708081 0.258043 0.119851 0.20216 0.173325 0.175813
1 0.104171 0.317013 0.0917176 0.195725 0.159793 0.131581
2 0.0538319 0.203146 0.28236 0.18253 0.15904 0.119092
1 0.0651694 0.342951 0.112792 0.194704 0.131144 0.153239
2 0.0518486 0.204868 0.280714 0.181675 0.160683 0.120211
2 0.0522623 0.202414 0.282096 0.181746 0.161366 0.120117
2 0.0520715 0.205168 0.280489 0.1817 0.160456 0.120115
1 0.143037 0.339618 0.0937101 0.174265 0.125074 0.124296
1 0.0924599 0.343167 0.112972 0.190632 0.132512 0.128256
1 0.130309 0.223767 0.214914 0.192007 0.123215 0.115789
1 0.0919588 0.274048 0.0967663 0.190731 0.18047 0.166025
2 0.0518998 0.205231 0.280261 0.181724 0.160522 0.120362
2 0.0517959 0.204463 0.281083 0.181665 0.160822 0.120171
2 0.127572 0.0607745 0.262337 0.178357 0.242231 0.128729
1 0.0874146 0.353361 0.112507 0.189761 0.126321 0.130635
1 0.0981372 0.339409 0.113701 0.186185 0.127929 0.134638
1 0.0835591 0.304916 0.111451 0.194409 0.147955 0.157711
2 0.0517713 0.204253 0.281144 0.181671 0.160994 0.120166
1 0.147668 0.342758 0.0996425 0.171717 0.112984 0.12523
4 0.0689063 0.170599 0.109129 0.224932 0.279998 0.146435
1 0.064747 0.343984 0.116821 0.193671 0.132404 0.148373
2 0.0518366 0.205093 0.280444 0.181682 0.160643 0.120302
1 0.122362 0.339559 0.103806 0.179582 0.117235 0.137456
1 0.0858585 0.199028 0.19776 0.181716 0.165624 0.170013
2 0.0924441 0.0598454 0.271514 0.188874 0.253502 0.133821
2 0.126521 0.0607378 0.262696 0.178654 0.242586 0.128804
2 0.0553554 0.194478 0.283889 0.182868 0.163167 0.120241
2 0.0521725 0.20288 0.282293 0.18154 0.161226 0.119889
2 0.114296 0.0603488 0.266543 0.182188 0.246634 0.129989
2 0.0551597 0.200654 0.282964 0.182753 0.159796 0.118673
2 0.0730583 0.147897 0.208423 0.193561 0.178852 0.198209
2 0.0593865 0.118636 0.260321 0.181482 0.173281 0.206894
2 0.0527126 0.205154 0.280718 0.181659 0.160103 0.119654
4 0.0415539 0.0630295 0.257066 0.207662 0.26677 0.16392
2 0.055285 0.2017 0.284939 0.181491 0.158353 0.118232
5 0.0589226 0.132756 0.188813 0.194157 0.200784 0.224567
2 0.052632 0.201567 0.282744 0.181728 0.161484 0.119846
5 0.0573385 0.0918835 0.197768 0.199991 0.185829 0.267191
0 0.335651 0.129228 0.155844 0.17787 0.093045 0.108363
2 0.072004 0.0597549 0.272611 0.195646 0.259548 0.140437
2 0.0528176 0.201831 0.282863 0.181509 0.161387 0.119593
2 0.0834426 0.188945 0.270178 0.181234 0.150879 0.125322
2 0.0519091 0.204633 0.280934 0.181671 0.160732 0.120122
2 0.0643555 0.117334 0.2324 0.19274 0.186666 0.206505
2 0.0624213 0.119835 0.212813 0.199257 0.196558 0.209116
2 0.0515085 0.20495 0.280442 0.181691 0.160859 0.12055
2 0.0521124 0.202895 0.282213 0.181558 0.16123 0.119992
2 0.0535856 0.201031 0.2831 0.182402 0.160392 0.119489
2 0.0657278 0.117877 0.258061 0.180841 0.170914 0.20658
2 0.0521204 0.202802 0.28241 0.181519 0.161314 0.119835
2 0.0520071 0.202916 0.281914 0.181655 0.161283 0.120225
2 0.0563688 0.0603698 0.268981 0.201349 0.263817 0.149114
2 0.0537575 0.0606054 0.267722 0.202374 0.264466 0.151075
3 0.112868 0.197716 0.110265 0.213694 0.192111 0.173346
4 0.0640154 0.152846 0.101831 0.219562 0.232899 0.228846
0 0.53964 0.100628 0.0594356 0.14145 0.0603759 0.0984702
5 0.0652841 0.1162 0.105688 0.220642 0.228283 0.263903
5 0.0529631 0.114024 0.126754 0.21919 0.236269 0.2508
2 0.0518582 0.204306 0.281175 0.181661 0.160895 0.120104
2 0.0518582 0.204306 0.281175 0.181661 0.160895 0.120104
5 0.0617621 0.106695 0.139788 0.219145 0.196723 0.275887
2 0.178725 0.0634292 0.2403 0.165 0.223018 0.129527
2 0.0534451 0.203007 0.281957 0.182616 0.159555 0.119419
0 0.281472 0.144027 0.145641 0.188991 0.102779 0.13709
5 0.0591073 0.100674 0.142727 0.219815 0.220371 0.257306
2 0.0518582 0.204306 0.281175 0.181661 0.160895 0.120104
5 0.0669766 0.137223 0.135369 0.216414 0.193164 0.250853
5 0.0558064 0.109998 0.115422 0.220268 0.199222 0.299284
4 0.0616231 0.143796 0.102704 0.221901 0.267722 0.202254
5 0.0657169 0.138024 0.127034 0.21674 0.208413 0.244073
3 0.154423 0.178802 0.198398 0.208069 0.130106 0.130202
3 0.107682 0.199545 0.127053 0.213378 0.172119 0.180222
5 0.0718647 0.166357 0.12241 0.215151 0.187385 0.236833
2 0.0745874 0.0597309 0.272752 0.194755 0.258805 0.13937
2 0.0518582 0.204306 0.281175 0.181661 0.160895 0.120104
2 0.053849 0.200783 0.28224 0.182347 0.161272 0.119509
5 0.0611895 0.104672 0.144595 0.220056 0.180371 0.289116
0 0.264847 0.177215 0.0917122 0.216178 0.125173 0.124875
4 0.0418058 0.0629403 0.257407 0.207541 0.266745 0.163561
2 0.0518998 0.205231 0.280261 0.181724 0.160522 0.120362
4 0.0689137 0.153217 0.111477 0.229632 0.282875 0.153885
2 0.0519393 0.203747 0.281581 0.181599 0.161049 0.120084
0 0.239715 0.148566 0.161556 0.199837 0.112814 0.137513
4 0.0382156 0.0645354 0.251679 0.209337 0.266888 0.169345
4 0.0688325 0.117582 0.145275 0.203084 0.260035 0.205191
2 0.0523968 0.199976 0.283437 0.181492 0.162551 0.120146
2 0.0559199 0.0604063 0.268782 0.201523 0.263931 0.149438
2 0.0531895 0.201358 0.282005 0.182211 0.161268 0.119968
4 0.040351 0.0634961 0.255323 0.208249 0.266861 0.165721
2 0.0568234 0.0603344 0.269175 0.201173 0.263701 0.148792
2 0.0538515 0.20008 0.283247 0.182205 0.161237 0.119379
4 0.0688141 0.156312 0.110779 0.229006 0.283051 0.152038
2 0.0533788 0.199914 0.283274 0.181857 0.162052 0.119525
2 0.0518193 0.204286 0.281185 0.181659 0.160933 0.120117
4 0.0998865 0.136555 0.0950487 0.217106 0.280704 0.170699
4 0.083626 0.129786 0.110208 0.209348 0.274191 0.192842
2 0.0518535 0.20457 0.280937 0.181675 0.160812 0.120152
2 0.0522631 0.202306 0.282698 0.181501 0.16137 0.119862
4 0.073998 0.123291 0.114702 0.213895 0.272213 0.201901
4 0.0745514 0.127028 0.114099 0.217458 0.274055 0.19281
4 0.0680829 0.109722 0.101865 0.218773 0.277236 0.224321
4 0.0622897 0.106356 0.103268 0.22316 0.284786 0.220141
2 0.0518955 0.203826 0.281583 0.1816 0.161065 0.120031
5 0.0681194 0.103294 0.114881 0.20514 0.253416 0.255151
4 0.0561513 0.09553 0.116088 0.219024 0.256861 0.256345
2 0.203611 0.065983 0.22565 0.159237 0.211568 0.133951
5 0.0779527 0.111531 0.0933131 0.214743 0.251085 0.251375
4 0.0645066 0.108563 0.111218 0.218186 0.259862 0.237665
4 0.0706262 0.199621 0.110345 0.214017 0.261568 0.143823
2 0.166921 0.062617 0.246177 0.167899 0.227843 0.128543
5 0.0570427 0.0807036 0.124725 0.215269 0.245405 0.276855
4 0.0774929 0.120664 0.11894 0.211646 0.270764 0.200493
2 0.0521142 0.203497 0.281718 0.181648 0.161102 0.119921
2 0.0518009 0.205161 0.280251 0.181739 0.160613 0.120434
0 0.282167 0.127674 0.126236 0.185654 0.105055 0.173214
5 0.0548049 0.10301 0.122641 0.217351 0.188845 0.313348
5 0.0582067 0.0979632 0.119852 0.211807 0.193453 0.318718
5 0.0592603 0.0944538 0.119822 0.2128 0.194847 0.318817
5 0.0621072 0.0968231 0.121372 0.20903 0.192796 0.317871
5 0.0584052 0.100316 0.127828 0.207728 0.188005 0.317719
5 0.0575657 0.0911108 0.125227 0.21171 0.194762 0.319625
5 0.0600115 0.0982073 0.124456 0.210841 0.188942 0.317541
2 0.0518498 0.204918 0.280673 0.181689 0.160627 0.120243
2 0.0518582 0.204306 0.281175 0.181661 0.160895 0.120104
2 0.0520696 0.203689 0.281719 0.18156 0.160946 0.120016
5 0.0539597 0.0803641 0.121347 0.21687 0.216347 0.311112
5 0.0571474 0.0879723 0.124615 0.206388 0.203604 0.320273
5 0.0600772 0.0930541 0.114948 0.213903 0.198261 0.319756
5 0.0573746 0.0938174 0.120406 0.213172 0.195731 0.319499
5 0.0552993 0.0825632 0.10665 0.223384 0.221968 0.310135
5 0.061994 0.098969 0.11898 0.210535 0.191733 0.317788
5 0.0634587 0.0978693 0.111699 0.213154 0.195147 0.318671
5 0.0557563 0.0916353 0.115334 0.217707 0.199706 0.319862
2 0.0524402 0.202366 0.282344 0.181618 0.161239 0.119992
2 0.0524134 0.201991 0.28242 0.181723 0.161405 0.120047
0 0.220831 0.0694817 0.211586 0.155575 0.201433 0.141094
5 0.0601667 0.0900465 0.108879 0.214809 0.206245 0.319853
2 0.0533412 0.0606486 0.267498 0.20254 0.264567 0.151406
5 0.0596423 0.0955505 0.123874 0.209734 0.192651 0.318549
4 0.045142 0.0619767 0.261302 0.205997 0.26629 0.159292
5 0.082148 0.234805 0.0954136 0.19858 0.133511 0.255542
2 0.0518193 0.204286 0.281185 0.181659 0.160933 0.120117
5 0.0517789 0.0883899 0.114048 0.218009 0.204021 0.323754
