labels 0 1 2 3 4 5
4 0.00528986 0.0154263 0.204211 0.183086 0.315012 0.276974
2 0.00814975 0.128937 0.52383 0.205564 0.0997766 0.0337427
2 0.00814975 0.128937 0.52383 0.205564 0.0997766 0.0337427
5 0.00463912 0.00581161 0.0177912 0.165111 0.0434958 0.763151
5 0.00532232 0.00395083 0.0049388 0.0662882 0.011061 0.908439
5 0.00622893 0.00679133 0.00928934 0.18328 0.216093 0.578317
5 0.00498351 0.00741687 0.0492028 0.246064 0.149389 0.542944
2 0.00814975 0.128937 0.52383 0.205564 0.0997766 0.0337427
5 0.00676951 0.0163331 0.130743 0.103087 0.23226 0.510809
5 0.00530194 0.00663321 0.0257856 0.0907829 0.0579391 0.813557
5 0.00439781 0.00911952 0.0454754 0.153473 0.179356 0.608178
2 0.00814975 0.128937 0.52383 0.205564 0.0997766 0.0337427
5 0.0147334 0.0220246 0.244582 0.158118 0.11256 0.447981
5 0.00413502 0.00717043 0.0315914 0.309021 0.211553 0.436529
5 0.00537044 0.00893002 0.0151937 0.131256 0.18579 0.65346
3 0.00516892 0.00706203 0.0200641 0.429673 0.329415 0.208617
5 0.00604038 0.00684217 0.0265641 0.385521 0.0762917 0.498741
5 0.00418527 0.00544435 0.0143975 0.061556 0.121963 0.792454
2 0.00814975 0.128937 0.52383 0.205564 0.0997766 0.0337427
4 0.00392264 0.00865979 0.0112135 0.095287 0.500486 0.380431
5 0.00634215 0.00435294 0.0131251 0.0841994 0.0445839 0.847397
2 0.00814975 0.128937 0.52383 0.205564 0.0997766 0.0337427
3 0.00638604 0.00523012 0.0210634 0.634873 0.23226 0.100187
5 0.00692351 0.00998721 0.061261 0.145843 0.0707923 0.705193
5 0.00464468 0.00250643 0.00139794 0.00964929 0.0456204 0.936181
5 0.00613003 0.00726105 0.0486231 0.0918918 0.108437 0.737657
2 0.0334337 0.137936 0.492612 0.200563 0.0999367 0.0355183
4 0.00437741 0.00746154 0.0529146 0.155065 0.650805 0.129377
5 0.00473635 0.00543189 0.0216401 0.0228789 0.018874 0.926439
