0 0.820759 0.0471548 0.0652081 0.0198195 0.0410904 0.00596826
0 0.874905 0.0304372 0.0451415 0.0165461 0.0285341 0.00443645
0 0.918292 0.0172482 0.0288002 0.0135192 0.0194766 0.00266399
0 0.654385 0.0827291 0.0879912 0.0586168 0.0780309 0.0382468
0 0.906824 0.0186339 0.0302692 0.0153663 0.0253716 0.00353476
0 0.8909 0.0338292 0.0425147 0.012283 0.0171617 0.00331171
1 0.0985743 0.3219 0.169879 0.188173 0.205913 0.0155604
1 0.0200038 0.827149 0.0681549 0.0337143 0.0216421 0.0293355
1 0.0239695 0.386396 0.270614 0.138736 0.102874 0.0774102
1 0.0256109 0.845134 0.0549305 0.0288754 0.0232317 0.0222171
1 0.010498 0.792865 0.10776 0.0323867 0.0322449 0.0242448
1 0.0404377 0.816028 0.0668298 0.031104 0.0283216 0.0172793
3 0.0211577 0.173455 0.254168 0.287721 0.182419 0.0810779
3 0.018175 0.120107 0.231142 0.377875 0.162282 0.0904195
3 0.0186759 0.0677631 0.146395 0.309921 0.163339 0.293906
2 0.0133787 0.115396 0.601593 0.192629 0.0537155 0.023289
3 0.0214297 0.191743 0.213558 0.355441 0.151651 0.0661773
2 0.0168357 0.194494 0.285615 0.26995 0.157669 0.0754361
3 0.0274184 0.120588 0.152237 0.401902 0.251562 0.0462924
3 0.0153598 0.0732748 0.130961 0.402153 0.100811 0.277441
3 0.019403 0.0926989 0.185465 0.505967 0.129917 0.0665499
4 0.0186878 0.120252 0.168888 0.261762 0.2982 0.13221
3 0.0173483 0.0830062 0.140209 0.552082 0.118639 0.088716
3 0.0191961 0.0922454 0.169341 0.291448 0.176524 0.251245
4 0.00923652 0.0326378 0.0411196 0.180067 0.711185 0.0257538
3 0.0204592 0.116857 0.139601 0.384118 0.299435 0.0395303
5 0.0233368 0.105209 0.19277 0.204077 0.201483 0.273124
4 0.00986782 0.0369495 0.0415942 0.203629 0.685358 0.0226016
4 0.0141952 0.109175 0.0871631 0.342873 0.352008 0.0945855
3 0.0293649 0.0639979 0.151418 0.378357 0.330576 0.0462865
5 0.0102209 0.00681425 0.0106761 0.0156372 0.014855 0.941797
5 0.00868029 0.00760036 0.0136071 0.0165601 0.00566921 0.947883
5 0.0138073 0.0445839 0.142945 0.27967 0.0650516 0.453942
5 0.0203836 0.0299784 0.150033 0.278388 0.130479 0.390738
2 0.148739 0.137244 0.269944 0.172073 0.249524 0.0224763
5 0.0117583 0.0277833 0.053051 0.0778318 0.0207873 0.808788
