labels 0 1 2 3 4 5
0 0.655114 0.0728177 0.0453565 0.0857342 0.0595568 0.0814208
0 0.651787 0.0863332 0.0434006 0.0886092 0.0556102 0.0742601
0 0.630169 0.0816039 0.0484336 0.0905123 0.0636643 0.0856167
0 0.700188 0.0688556 0.0363395 0.080704 0.0477067 0.0662061
0 0.660466 0.0898013 0.0406783 0.088004 0.051981 0.0690693
0 0.659396 0.0675799 0.046887 0.0812479 0.060144 0.0847447
0 0.651208 0.0740989 0.0452522 0.088868 0.0589661 0.0816069
0 0.638934 0.0909909 0.0447332 0.0904951 0.0578996 0.0769469
0 0.601936 0.0797762 0.0554493 0.106488 0.0675786 0.0887722
0 0.641201 0.0761888 0.0481005 0.0852988 0.0630643 0.0861462
0 0.653214 0.0708274 0.0492348 0.0782985 0.0619226 0.0865029
2 0.146567 0.0669308 0.260448 0.177592 0.222334 0.126129
2 0.10289 0.0662954 0.269698 0.190802 0.231428 0.138887
2 0.0733689 0.201154 0.273413 0.174484 0.150716 0.126863
2 0.0511142 0.206086 0.282465 0.173484 0.160242 0.12661
0 0.607792 0.0757593 0.0657927 0.0999444 0.0638113 0.0869005
0 0.637372 0.0704948 0.0585427 0.0879116 0.0609011 0.0847774
0 0.644332 0.0684329 0.0574413 0.0873851 0.0585785 0.0838305
0 0.635076 0.0712415 0.0570639 0.0882187 0.0608763 0.0875238
0 0.622405 0.0715577 0.0565511 0.0945487 0.0632629 0.0916742
0 0.58015 0.148272 0.0458931 0.0958918 0.0590987 0.0706938
2 0.0513577 0.20322 0.285379 0.17289 0.16131 0.125843
2 0.0509896 0.205616 0.282574 0.173454 0.160572 0.126794
2 0.0513847 0.202872 0.285543 0.172821 0.161371 0.126008
2 0.130714 0.0667287 0.264802 0.182268 0.22576 0.129727
0 0.39412 0.163815 0.0693647 0.155482 0.111832 0.105386
0 0.639882 0.0929407 0.0446712 0.0911506 0.0577423 0.0736134
0 0.630646 0.0830015 0.0482617 0.0903242 0.0633815 0.0843851
0 0.648589 0.09097 0.0433559 0.0875795 0.0560369 0.0734683
0 0.647326 0.0842597 0.0440056 0.0895943 0.0577536 0.0770612
1 0.0826531 0.325716 0.0995206 0.204038 0.140061 0.148011
1 0.113467 0.325503 0.0912135 0.193973 0.126182 0.149661
2 0.0511234 0.203599 0.285108 0.172961 0.161139 0.12607
1 0.0899932 0.324641 0.100882 0.202164 0.137687 0.144633
1 0.185029 0.319523 0.0916353 0.166784 0.11118 0.12585
1 0.0938371 0.332123 0.0912575 0.201309 0.141046 0.140427
1 0.0794214 0.325499 0.113267 0.198175 0.137961 0.145676
1 0.0780756 0.304961 0.106383 0.20284 0.14673 0.16101
1 0.100648 0.315418 0.0931847 0.201193 0.145899 0.143658
2 0.0522574 0.204812 0.28543 0.172944 0.159493 0.125063
1 0.0739152 0.325739 0.106302 0.204148 0.138274 0.151621
2 0.0511151 0.205996 0.282552 0.173463 0.160306 0.126567
2 0.0512233 0.202906 0.285064 0.172976 0.161474 0.126356
2 0.0513396 0.206385 0.282281 0.173506 0.160046 0.126441
1 0.120947 0.323949 0.0987066 0.191402 0.127507 0.137489
1 0.0900846 0.326044 0.109063 0.192622 0.13861 0.143577
1 0.110053 0.251336 0.203867 0.181563 0.128701 0.124481
1 0.0896189 0.305391 0.0951006 0.204173 0.15552 0.150196
2 0.0512762 0.206471 0.281838 0.173574 0.160046 0.126795
2 0.0510255 0.205452 0.283151 0.173368 0.160514 0.126489
2 0.159989 0.0670928 0.256126 0.173764 0.219289 0.123739
1 0.085351 0.327555 0.111219 0.194719 0.136125 0.14503
1 0.090995 0.324765 0.111259 0.194492 0.136336 0.142153
1 0.0841155 0.322982 0.103326 0.200144 0.139162 0.150271
2 0.0510129 0.205164 0.283264 0.173339 0.160736 0.126483
1 0.127596 0.324452 0.100815 0.186844 0.124935 0.135357
4 0.0714085 0.188838 0.10376 0.227334 0.246183 0.162477
1 0.0727516 0.326266 0.110927 0.201145 0.13857 0.150341
2 0.0511971 0.206275 0.282135 0.173513 0.160186 0.126694
1 0.109203 0.324064 0.101018 0.19179 0.128841 0.145084
2 0.0933619 0.200303 0.215774 0.179259 0.154344 0.156958
2 0.104148 0.0663178 0.269576 0.190409 0.231178 0.13837
2 0.158281 0.0670722 0.256704 0.174244 0.219684 0.124014
2 0.0532817 0.193788 0.288321 0.172069 0.165562 0.126979
2 0.0511855 0.20334 0.285274 0.172928 0.161234 0.126038
2 0.138497 0.0668305 0.262778 0.179952 0.224099 0.127844
2 0.053152 0.201761 0.286585 0.17242 0.161287 0.124794
2 0.0664094 0.126509 0.233326 0.186125 0.190358 0.197272
2 0.063804 0.122358 0.269832 0.179756 0.186121 0.17813
2 0.0516932 0.206367 0.282824 0.173364 0.159904 0.125848
4 0.0347971 0.0680274 0.238935 0.213624 0.24543 0.199186
2 0.0532849 0.202849 0.28963 0.171739 0.158895 0.123601
2 0.0664148 0.139542 0.216355 0.18953 0.187772 0.200386
2 0.051403 0.201803 0.286229 0.172738 0.161848 0.125979
5 0.0636106 0.105073 0.206117 0.198117 0.196823 0.230259
0 0.298006 0.13574 0.166985 0.166679 0.109369 0.123221
2 0.0741061 0.0657567 0.268528 0.199822 0.237087 0.1547
2 0.0515865 0.201986 0.286391 0.172639 0.161737 0.12566
2 0.0747719 0.190404 0.275883 0.170189 0.155389 0.133363
2 0.0511411 0.20567 0.282938 0.173396 0.160418 0.126436
2 0.0716777 0.129287 0.241863 0.185852 0.179327 0.191994
2 0.0715582 0.13435 0.240471 0.186185 0.184385 0.183051
2 0.0509601 0.206103 0.282017 0.173551 0.160344 0.127025
2 0.0511611 0.203387 0.285132 0.172949 0.161194 0.126177
2 0.0520775 0.201814 0.286758 0.172608 0.161141 0.125602
2 0.07066 0.13365 0.253542 0.180559 0.179634 0.181955
2 0.0511083 0.203223 0.285454 0.17289 0.161359 0.125965
2 0.0510999 0.203484 0.28467 0.173046 0.161203 0.126497
2 0.0528681 0.065737 0.259766 0.206659 0.241451 0.173519
2 0.0494951 0.0658659 0.257289 0.207818 0.242185 0.177346
4 0.112601 0.193258 0.10312 0.191168 0.217986 0.181866
5 0.0646543 0.143229 0.0982255 0.189041 0.244577 0.260272
0 0.468332 0.109359 0.0669188 0.147745 0.0885394 0.119106
5 0.0802135 0.14871 0.0994594 0.197313 0.234516 0.239788
5 0.0642051 0.123966 0.096422 0.189729 0.253842 0.271836
2 0.0510586 0.205232 0.283338 0.17332 0.16065 0.126401
2 0.0510586 0.205232 0.283338 0.17332 0.16065 0.126401
5 0.0673634 0.120294 0.137608 0.188591 0.209864 0.276279
0 0.240056 0.0689045 0.221053 0.153687 0.197289 0.11901
2 0.0520171 0.204528 0.284792 0.173084 0.160021 0.125558
0 0.243773 0.149469 0.14453 0.178323 0.118733 0.165172
5 0.0652693 0.114735 0.111941 0.196723 0.218652 0.292679
2 0.0510586 0.205232 0.283338 0.17332 0.16065 0.126401
5 0.0760343 0.160112 0.117713 0.186761 0.209663 0.249718
5 0.0651359 0.136992 0.118085 0.207621 0.214993 0.257174
5 0.0669948 0.12175 0.104826 0.197928 0.247149 0.261353
5 0.0700952 0.144746 0.151002 0.187165 0.206322 0.24067
1 0.13492 0.192983 0.189653 0.186414 0.145817 0.150212
5 0.0895226 0.185202 0.116466 0.184176 0.210743 0.213891
5 0.0789532 0.199553 0.12472 0.183582 0.200737 0.212455
2 0.0777673 0.0658195 0.2692 0.198672 0.236363 0.152178
2 0.0510586 0.205232 0.283338 0.17332 0.16065 0.126401
2 0.0522759 0.201256 0.285658 0.172912 0.162222 0.125677
5 0.0676972 0.124039 0.127493 0.185573 0.20984 0.285357
0 0.207496 0.183606 0.104684 0.191561 0.152704 0.159949
4 0.0350755 0.0679352 0.239481 0.213496 0.245373 0.19864
2 0.0512762 0.206471 0.281838 0.173574 0.160046 0.126795
4 0.0718544 0.163677 0.106243 0.223688 0.255929 0.178609
2 0.0511088 0.204487 0.284019 0.173164 0.160874 0.126346
0 0.204543 0.155146 0.160756 0.185653 0.130314 0.163588
4 0.0312614 0.0696524 0.230561 0.215368 0.24608 0.207077
4 0.0728354 0.120399 0.127275 0.220326 0.242434 0.21673
2 0.0512446 0.199647 0.287284 0.172419 0.163042 0.126363
2 0.052284 0.0657547 0.259366 0.206857 0.241577 0.174161
2 0.0518991 0.201913 0.285131 0.173016 0.161813 0.126228
4 0.0334886 0.0685184 0.236178 0.214244 0.24569 0.201881
2 0.0534612 0.0657207 0.26016 0.206458 0.241324 0.172876
2 0.0522337 0.200319 0.287247 0.172476 0.162264 0.125462
4 0.0716654 0.168348 0.105604 0.22491 0.254544 0.174928
2 0.0517427 0.199757 0.287224 0.172554 0.163071 0.125652
2 0.0510242 0.205212 0.283338 0.173326 0.160685 0.126416
4 0.0968049 0.13312 0.100179 0.225507 0.240436 0.203953
4 0.0879466 0.137004 0.107537 0.223238 0.242114 0.202161
2 0.0510935 0.205598 0.282916 0.173407 0.160506 0.12648
2 0.0512027 0.202593 0.285971 0.172767 0.161479 0.125987
4 0.0724659 0.1167 0.110168 0.219235 0.253441 0.22799
4 0.0803157 0.132712 0.114544 0.22525 0.240254 0.206924
4 0.0708883 0.115084 0.104743 0.232642 0.241217 0.235426
4 0.0719092 0.113396 0.113687 0.233208 0.242021 0.22578
2 0.0510457 0.20458 0.284027 0.173182 0.160894 0.126271
4 0.0727124 0.115065 0.105407 0.234132 0.242197 0.230487
4 0.0641352 0.106395 0.100965 0.222415 0.254586 0.251504
0 0.271527 0.0716381 0.200088 0.147296 0.185187 0.124264
4 0.0771207 0.113644 0.105228 0.235011 0.242447 0.226549
4 0.0686745 0.11146 0.114264 0.227248 0.243994 0.23436
4 0.0730123 0.221863 0.104163 0.222374 0.225064 0.153524
2 0.222673 0.0682296 0.230092 0.157635 0.202775 0.118594
5 0.0666748 0.0960371 0.116577 0.230216 0.239597 0.250899
4 0.0754629 0.136623 0.124275 0.21698 0.241929 0.20473
2 0.0511544 0.204177 0.284277 0.173153 0.16109 0.126149
2 0.0511981 0.206396 0.281775 0.173602 0.160133 0.126895
0 0.233143 0.12349 0.118989 0.180913 0.12505 0.218415
5 0.0600502 0.105133 0.119385 0.225025 0.219307 0.271099
5 0.0711145 0.110906 0.108224 0.228367 0.214739 0.26665
5 0.0659285 0.10046 0.118109 0.23396 0.215104 0.266438
5 0.0742293 0.116484 0.115201 0.227225 0.203554 0.263307
5 0.0709606 0.104737 0.112235 0.233853 0.214219 0.263996
5 0.0709634 0.112869 0.114599 0.230495 0.207257 0.263816
5 0.0699338 0.117085 0.11272 0.227645 0.208743 0.263873
2 0.0511229 0.206068 0.282486 0.173481 0.160231 0.12661
2 0.0510586 0.205232 0.283338 0.17332 0.16065 0.126401
2 0.0511948 0.204399 0.284311 0.173094 0.16077 0.126232
5 0.0647186 0.105121 0.116838 0.225031 0.217836 0.270455
5 0.0700397 0.11629 0.110208 0.222986 0.205884 0.274592
5 0.0728774 0.113405 0.113469 0.229694 0.206919 0.263635
5 0.0699821 0.117723 0.115371 0.22829 0.204988 0.263645
5 0.0695925 0.100901 0.111786 0.235664 0.221907 0.26015
5 0.0736903 0.116693 0.113045 0.227957 0.205287 0.263327
5 0.0719856 0.118979 0.110837 0.22674 0.206831 0.264627
5 0.0718818 0.112168 0.117312 0.225857 0.208213 0.264568
2 0.0513418 0.202775 0.285511 0.172857 0.161342 0.126173
2 0.0513101 0.202352 0.285633 0.17286 0.161598 0.126248
0 0.284229 0.0762044 0.182173 0.145612 0.176303 0.135478
5 0.065883 0.117156 0.103579 0.234763 0.21401 0.264609
2 0.0489631 0.0658928 0.256859 0.208005 0.242302 0.177978
5 0.0699301 0.112526 0.119333 0.227463 0.206794 0.263954
2 0.0388846 0.0669809 0.245863 0.211832 0.244551 0.19189
5 0.0835739 0.18888 0.102338 0.210966 0.160556 0.253687
2 0.0510242 0.205212 0.283338 0.173326 0.160685 0.126416
5 0.0646521 0.11009 0.10815 0.234104 0.218785 0.264218
