1 0.890028 0.00906535 0.00779728 0.00175951 0.00272431 0.00686852 0.00474034 0.0291358 0.0391204 0.00566799 0.00309226
1 0.858239 0.0123328 0.0145981 0.00257714 0.0023576 0.0122638 0.00508785 0.0237809 0.0573783 0.00658317 0.00480105
1 0.885506 0.00725837 0.00675581 0.00155558 0.0021522 0.00495451 0.00454072 0.0264424 0.0540839 0.00376408 0.00298617
1 0.876555 0.010443 0.00966126 0.00181428 0.00262682 0.00950084 0.00512821 0.0196348 0.0542199 0.00620151 0.00421482
1 0.867956 0.0103154 0.0101024 0.0022445 0.0031354 0.010915 0.00461866 0.0239226 0.0541854 0.00782879 0.00477556
1 0.853864 0.0130955 0.0145116 0.00435573 0.00535605 0.0162612 0.00487117 0.0264994 0.0349427 0.0203971 0.00584572
1 0.898051 0.00752258 0.0076942 0.00362033 0.00475887 0.0123934 0.00444242 0.016939 0.0292984 0.0111488 0.00413062
1 0.900807 0.00764303 0.010469 0.00277861 0.00162738 0.00658913 0.00342891 0.0207678 0.0383487 0.00482188 0.00271839
1 0.856063 0.0136514 0.0116144 0.00451754 0.00213423 0.0169082 0.00512778 0.021785 0.0546625 0.00579427 0.00774213
1 0.840557 0.0112622 0.0109528 0.00183475 0.00132945 0.00956991 0.00364654 0.0237022 0.0885383 0.00376369 0.00484316
1 0.892317 0.00878407 0.00556512 0.00137398 0.00163928 0.00834765 0.00365284 0.0176587 0.0535068 0.00391719 0.00323775
1 0.856261 0.0126303 0.00974257 0.0025005 0.00254165 0.0132263 0.00507102 0.024251 0.0628037 0.00553375 0.00543815
1 0.904203 0.0100225 0.00720021 0.00223844 0.0028305 0.0085439 0.00469406 0.0137939 0.0367987 0.0054173 0.00425759
1 0.900614 0.0109838 0.00907639 0.00167969 0.00201684 0.0101063 0.00418955 0.0167076 0.035515 0.0046691 0.00444129
1 0.852608 0.0141699 0.015244 0.00303456 0.00494056 0.0155554 0.00492375 0.0296937 0.0414316 0.0132419 0.00515642
1 0.938011 0.00420771 0.00371223 0.00118718 0.00126672 0.00430558 0.00318425 0.0211819 0.0176264 0.00305588 0.00226115
1 0.969829 0.00131033 0.00118603 0.000809075 0.000625577 0.00190066 0.00169576 0.00768284 0.0126517 0.00115527 0.00115426
1 0.981056 0.000760948 0.00079483 0.000802087 0.000635357 0.00130209 0.00142463 0.00477277 0.00667928 0.000986088 0.000785537
1 0.965035 0.00119286 0.00100621 0.00373011 0.00248579 0.00225963 0.00268742 0.00796179 0.00833432 0.00368477 0.00162249
1 0.976247 0.000556828 0.000462439 0.000902981 0.00050338 0.000656558 0.00110669 0.00672669 0.011345 0.000860963 0.000631715
1 0.914354 0.00114149 0.00102048 0.00127 0.000967759 0.00121553 0.000977548 0.0540435 0.021752 0.00233556 0.000922141
1 0.912488 0.00195286 0.00162041 0.0071299 0.00118121 0.00153283 0.00213898 0.035493 0.0315429 0.00290677 0.0020132
9 0.308234 0.00403359 0.0265716 0.00972254 0.000626573 0.0103547 0.00707323 0.00514862 0.611633 0.0030198 0.013582
1 0.788953 0.00342134 0.005586 0.00484995 0.000945665 0.00971959 0.00444377 0.00826707 0.161073 0.00290597 0.00983445
1 0.859394 0.00754962 0.0103354 0.00679914 0.000999941 0.0221381 0.00384574 0.01113 0.0631211 0.00511829 0.00956873
1 0.924045 0.00216063 0.00441519 0.000761377 7.67687e-05 0.00256141 0.000729987 0.0123506 0.0510489 0.000800983 0.00104967
1 0.955239 0.000325921 0.000898271 0.000200599 7.64032e-05 0.000356238 0.000331581 0.0149989 0.0271105 0.000324872 0.000137757
1 0.975585 0.00105135 0.00146328 0.0004764 0.00020499 0.000439983 0.000673095 0.00817385 0.011124 0.000584214 0.000223494
1 0.931468 0.000573291 0.00083796 0.000507875 0.000335506 0.000494535 0.000804469 0.0153679 0.0484247 0.000583893 0.000601674
1 0.903187 0.00106263 0.00699218 0.000720421 0.000364869 0.0032351 0.00101299 0.0313696 0.0486894 0.00108019 0.00228552
2 0.0023339 0.477819 0.0360964 0.00326753 0.000591128 0.415632 0.00643429 0.00228204 0.0202295 0.00834573 0.026969
2 0.00175614 0.718957 0.0178955 0.00296089 0.00053782 0.216925 0.0104388 0.00186226 0.00876901 0.00633654 0.0135613
2 0.00138649 0.551469 0.02014 0.00323975 0.000623071 0.379209 0.0106117 0.001878 0.00993505 0.00702536 0.0144826
2 0.00678767 0.803787 0.0723262 0.000972794 0.00058028 0.0746641 0.00304259 0.0217513 0.0108364 0.00153381 0.00371833
2 0.00350103 0.837935 0.0577377 0.00100114 0.000571127 0.0722139 0.00366677 0.00692146 0.00856081 0.00217849 0.00571224
2 0.00678509 0.710887 0.147664 0.00288277 0.00136474 0.0814462 0.00452027 0.0154252 0.0120797 0.00849527 0.00845015
2 0.00198424 0.671717 0.17451 0.00921124 0.00144079 0.0817686 0.0190469 0.00286592 0.00553243 0.0080505 0.0238715
2 0.00527131 0.769693 0.0684768 0.00552812 0.00136666 0.0617806 0.0338528 0.00640422 0.00950481 0.00827446 0.0298477
2 0.00369203 0.814266 0.0347809 0.00128913 0.000664121 0.0906893 0.002377 0.00498082 0.0144377 0.00863972 0.0241827
2 0.000552695 0.870939 0.0264501 0.000903114 0.000132673 0.0767114 0.00144856 0.00220609 0.00846906 0.00423804 0.00794971
2 0.00645693 0.830691 0.0710586 0.0023288 0.000545313 0.0458664 0.00772253 0.0185681 0.00927961 0.00241299 0.00506988
2 0.00541138 0.841896 0.0474356 0.00192092 0.000423361 0.0732629 0.00643757 0.00782139 0.00713161 0.00155668 0.00670225
2 0.003285 0.751384 0.0792682 0.00195685 0.000832528 0.128948 0.00252906 0.00761831 0.00989702 0.00880797 0.00547336
2 0.00156287 0.772029 0.11201 0.00247441 0.000644829 0.0658842 0.00365742 0.00407489 0.00878869 0.0102079 0.0186655
2 0.00263062 0.718962 0.0375729 0.00599731 0.000806391 0.16404 0.0153865 0.00238779 0.00690494 0.00902326 0.036289
2 0.00193158 0.834938 0.02391 0.00270576 0.000389365 0.0952606 0.00572926 0.00189935 0.00567038 0.00508741 0.0224783
2 0.000654207 0.904913 0.0138404 0.00089571 0.000129863 0.0592556 0.00166249 0.00107704 0.00599694 0.00346512 0.00810969
2 0.00539364 0.676731 0.172261 0.00272877 0.000577958 0.0561618 0.00605615 0.0454192 0.015684 0.00413301 0.014854
2 0.000552669 0.835908 0.0692591 0.00150969 0.000293154 0.0308538 0.0289999 0.00433914 0.00407789 0.00114008 0.0230667
2 0.000653367 0.848495 0.0185798 0.00121803 0.00023953 0.0805524 0.0214158 0.00134774 0.00374676 0.00258144 0.0211703
2 0.00159013 0.703967 0.114084 0.00462114 0.000601081 0.0578256 0.065634 0.00424216 0.00835598 0.00330353 0.0357757
2 0.000384135 0.911787 0.00923099 0.000520533 7.9201e-05 0.0540728 0.00546882 0.000600867 0.00263224 0.00104851 0.0141749
2 0.000352689 0.920815 0.0169229 0.000597633 6.57606e-05 0.0420012 0.0026276 0.000862348 0.00235892 0.000909586 0.0124866
2 0.000411097 0.925632 0.0154156 0.000596275 9.98432e-05 0.0411405 0.00666476 0.000979053 0.00248458 0.000836643 0.00573956
2 0.00269671 0.845461 0.0722952 0.00176784 0.000328142 0.0410132 0.00493327 0.00596556 0.0145949 0.0029287 0.00801507
2 0.00284989 0.823984 0.070157 0.00223425 0.00053023 0.0452353 0.00353725 0.0167952 0.0130186 0.00718272 0.0144754
11 0.00212436 0.214313 0.254904 0.00332299 0.00121873 0.0799235 0.0245844 0.0184626 0.0628962 0.00347179 0.334779
11 0.00615839 0.0740854 0.0990914 0.134137 0.00876542 0.0837106 0.049063 0.00581215 0.151326 0.0100387 0.377812
11 0.017963 0.0695263 0.0944202 0.187251 0.033576 0.0451793 0.0138083 0.0115237 0.231992 0.043497 0.251262
2 0.000653623 0.635262 0.188864 0.00366167 0.000600551 0.0527812 0.024939 0.00360916 0.0105165 0.00340985 0.075702
3 0.0158621 0.0327012 0.79661 0.00611752 0.00246647 0.0297936 0.0113751 0.0303231 0.0469468 0.00737018 0.0204334
3 0.0178844 0.0224394 0.873875 0.00350493 0.00182516 0.023311 0.00592749 0.0165399 0.0221709 0.00722962 0.00529279
3 0.00436989 0.0553071 0.77339 0.0163257 0.00296162 0.0565963 0.0297821 0.0118634 0.014914 0.00786488 0.0266249
3 0.00227655 0.163884 0.723265 0.00646921 0.000799845 0.057517 0.00781748 0.00488052 0.00586854 0.00425039 0.0229721
3 0.000957907 0.0107077 0.94787 0.0015737 0.000473189 0.0064723 0.00739731 0.00549357 0.0106393 0.00165913 0.00675591
3 0.0103344 0.0494576 0.863129 0.00230748 0.000939817 0.0301822 0.00372592 0.00974535 0.0195165 0.00421728 0.00644428
3 0.00531049 0.0120583 0.926795 0.00481447 0.00156368 0.0113862 0.00962133 0.00831592 0.0120327 0.00441048 0.00369108
3 0.00563701 0.0139287 0.812336 0.0297377 0.00362675 0.0399553 0.0235552 0.0122129 0.0326627 0.00967742 0.01667
3 0.000912066 0.0548338 0.890052 0.00399833 0.000305604 0.0153899 0.00971505 0.00422119 0.00653347 0.00166919 0.0123694
3 0.00268891 0.0118133 0.952947 0.00130951 0.000246702 0.00298219 0.00996264 0.00955776 0.00481203 0.000709158 0.002971
3 0.00960821 0.00882136 0.900272 0.000889185 0.000964529 0.0162376 0.0057416 0.0395122 0.0133834 0.0011929 0.00337673
3 0.00103721 0.0543041 0.827151 0.00568048 0.000865967 0.0325463 0.0315061 0.00557965 0.00672575 0.00145863 0.0331449
3 0.00155393 0.0355253 0.809294 0.00726887 0.00154847 0.0590684 0.0108986 0.00905353 0.0212289 0.00347844 0.0410812
3 0.00123813 0.0511655 0.721338 0.00199715 0.000779496 0.141248 0.00459685 0.013884 0.0185691 0.00391953 0.041265
9 0.0551056 0.0255264 0.277659 0.00363753 0.00156978 0.0349282 0.0110563 0.172008 0.401535 0.00439941 0.0125753
3 0.0183304 0.0170116 0.48706 0.00255924 0.00347145 0.0155822 0.0286011 0.289585 0.124816 0.00136985 0.0116134
3 0.00827493 0.0107892 0.865652 0.0012123 0.000945618 0.00570701 0.0207103 0.0422602 0.034454 0.000968597 0.00902627
3 0.00227184 0.0437676 0.84504 0.00166148 0.000686372 0.0587003 0.00377855 0.0126713 0.0155094 0.00405268 0.0118607
3 0.00100319 0.0704471 0.797308 0.0023024 0.00064711 0.0608042 0.0088525 0.00576739 0.0126695 0.0049208 0.0352775
2 0.00330381 0.582593 0.254334 0.0105227 0.00254172 0.0572451 0.0197544 0.0108803 0.0139991 0.0113416 0.0334842
3 0.0029395 0.0366205 0.89442 0.00616295 0.000533271 0.0285285 0.0055949 0.00457421 0.00703889 0.00362839 0.00995839
3 0.00145732 0.0132562 0.939941 0.00202425 0.000683832 0.00850333 0.0142903 0.00512246 0.00796531 0.00173822 0.00501796
3 0.00795161 0.125709 0.73724 0.00663483 0.000772175 0.0520543 0.0107714 0.00953128 0.0252859 0.00630486 0.017745
3 0.00177392 0.0497704 0.917942 0.00094632 0.000288527 0.00635984 0.00479246 0.00391502 0.00846862 0.00154155 0.0042011
3 0.0144499 0.015066 0.894644 0.000735123 0.000588068 0.0209714 0.00111907 0.0414309 0.00693834 0.00311649 0.000940586
3 0.0180492 0.0552502 0.690669 0.00171194 0.000872599 0.0778625 0.00123937 0.112529 0.0300752 0.00554724 0.00619376
3 0.0177753 0.00814059 0.863317 0.00179975 0.00270879 0.0169477 0.00486444 0.0427865 0.0306113 0.00855153 0.00249675
3 0.0113947 0.0152547 0.797583 0.00543806 0.00395332 0.0468185 0.00905976 0.0372745 0.0531263 0.0114638 0.00863293
3 0.0339221 0.0221258 0.805116 0.00298129 0.00342101 0.0177997 0.00727465 0.0541476 0.0367042 0.0101809 0.00632712
3 0.0337247 0.0200205 0.819207 0.00187324 0.00324795 0.0159693 0.00635234 0.052466 0.0319895 0.0111028 0.00404654
4 0.00493705 0.0128458 0.0196182 0.773213 0.014378 0.0353136 0.0197892 0.00636099 0.0276158 0.032065 0.053863
4 0.00663013 0.0162142 0.0147254 0.815777 0.0149977 0.0289354 0.0143849 0.00650739 0.0212386 0.0316741 0.0289155
4 0.00127705 0.0032469 0.0052942 0.909494 0.00731625 0.0137118 0.0186466 0.000909473 0.00442762 0.0121081 0.0235683
6 0.0152231 0.100429 0.240665 0.0828865 0.00393533 0.333767 0.0146584 0.0138191 0.0463432 0.0434144 0.104859
4 0.00498742 0.00765682 0.0101637 0.849904 0.0222464 0.0257928 0.00733227 0.00590192 0.0199 0.0268781 0.0192369
4 0.00415041 0.0148815 0.0120782 0.840853 0.0173688 0.0232337 0.00926835 0.00545144 0.0142688 0.0303739 0.0280723
4 0.00535388 0.0131694 0.0120078 0.847806 0.0183677 0.0206967 0.0083582 0.00579031 0.0169228 0.0314037 0.0201231
4 0.00276903 0.0101857 0.00784085 0.844173 0.0130732 0.0357815 0.0170376 0.00278327 0.0096103 0.0302627 0.0264824
4 0.00438499 0.0135737 0.0136881 0.821644 0.015164 0.0436681 0.0136812 0.00499619 0.0153866 0.0249753 0.0288379
4 0.00150643 0.00337733 0.00297397 0.930298 0.0140508 0.00811265 0.00368583 0.00113211 0.0038515 0.0227166 0.00829522
4 0.00168177 0.0024259 0.00383152 0.913758 0.0140672 0.00740214 0.0089514 0.000893644 0.00454577 0.0240932 0.0183491
4 0.00340644 0.00570637 0.0120235 0.80586 0.0190549 0.0420191 0.0109525 0.00209235 0.00978518 0.0305527 0.0585472
4 0.000687787 0.00123427 0.00232972 0.963318 0.00627602 0.00307354 0.00459586 0.000258297 0.00191529 0.0119606 0.0043508
4 0.00167448 0.00641533 0.00716094 0.886167 0.00783914 0.0079887 0.00588285 0.000962736 0.0171092 0.034972 0.023828
4 0.00392834 0.00367316 0.00369373 0.899666 0.00795389 0.00810458 0.00667442 0.00234554 0.0128594 0.0410524 0.0100486
4 0.000563038 0.00159313 0.00438006 0.944203 0.00157192 0.00858169 0.00668938 0.000408535 0.00706827 0.00863636 0.0163041
4 0.000906996 0.00305006 0.00325585 0.921359 0.00765853 0.0131415 0.0193978 0.000379354 0.00192636 0.0206217 0.00830271
4 0.00271377 0.00316723 0.00924143 0.796435 0.0217337 0.0698884 0.0305371 0.00153362 0.0154353 0.0291085 0.0202055
4 0.00104911 0.0016465 0.00230591 0.933053 0.0196859 0.00606645 0.00261642 0.000605905 0.00238582 0.0230478 0.00753676
4 0.000753997 0.00542338 0.00389852 0.913016 0.00443752 0.0321972 0.0100233 0.000571451 0.00240432 0.0120789 0.0151954
4 0.00418385 0.0143197 0.0137597 0.840195 0.0192637 0.0353647 0.00746917 0.0060632 0.0147797 0.0275467 0.0170543
4 0.0034404 0.0108446 0.0100918 0.874944 0.0149548 0.0168119 0.0103237 0.0042665 0.0121133 0.0241012 0.0181081
4 0.00207083 0.00589057 0.0062104 0.908298 0.0118577 0.0158982 0.00516725 0.00217647 0.00600333 0.0231028 0.0133243
4 0.00112657 0.00293055 0.00293358 0.918183 0.0073277 0.015675 0.0182116 0.000822489 0.00303958 0.0158719 0.013878
4 0.000904725 0.00620197 0.00383272 0.914465 0.00668033 0.0201622 0.01355 0.000765125 0.00266162 0.0165505 0.0142258
4 0.00132287 0.0101604 0.00522828 0.885014 0.0084809 0.0337717 0.0126012 0.000892567 0.00357407 0.0213237 0.0176301
4 0.00108712 0.00310438 0.002496 0.933805 0.00750323 0.0125805 0.00536641 0.000618379 0.00276315 0.0223608 0.00831513
4 0.00154634 0.00232138 0.0054184 0.887226 0.0108997 0.0275197 0.0106928 0.00109632 0.00784822 0.0139406 0.0314902
4 0.00180976 0.00395409 0.00537758 0.905136 0.0127529 0.0161649 0.00292026 0.00105396 0.0049784 0.0217926 0.0240597
4 0.00297088 0.00301006 0.00355172 0.897828 0.017508 0.0163522 0.00313688 0.00122376 0.00670927 0.0255862 0.0221235
5 0.00930126 0.0248867 0.019006 0.0199238 0.761153 0.0263745 0.013341 0.0249738 0.0195195 0.0742062 0.007314
5 0.00774002 0.0163218 0.0143538 0.0243191 0.7758 0.0227542 0.0157316 0.0169775 0.0160245 0.0794779 0.0104994
5 0.0142004 0.0286404 0.0139633 0.012825 0.761504 0.0258143 0.00678141 0.0273229 0.0189962 0.0735476 0.0164048
5 0.0121366 0.0303499 0.0128059 0.00805258 0.743238 0.0270051 0.00670637 0.0227471 0.0163203 0.107336 0.013302
5 0.0125372 0.0217363 0.00784771 0.0160658 0.566953 0.022478 0.00699521 0.0137935 0.0118993 0.30713 0.0125636
5 0.00272526 0.00726992 0.00420621 0.00652933 0.888928 0.0065279 0.00392746 0.0056538 0.00354031 0.0665809 0.00411138
5 0.00411167 0.0119519 0.00617192 0.0107641 0.850773 0.0141141 0.00666519 0.00805747 0.00625354 0.0747035 0.00643402
5 0.00344727 0.00490619 0.00408999 0.00723569 0.914279 0.00713848 0.00512853 0.00594954 0.00489783 0.0395122 0.0034154
5 0.00274013 0.00371645 0.00296156 0.00616605 0.931572 0.0052453 0.00348977 0.00390475 0.00333539 0.0336805 0.00318795
5 0.0116657 0.0230193 0.010574 0.0139507 0.622801 0.0333698 0.00610115 0.0168403 0.0148799 0.229993 0.0168048
5 0.00276173 0.00217507 0.00200514 0.00316971 0.941663 0.00196822 0.00144897 0.00265538 0.00179557 0.0393454 0.00101182
5 0.00380016 0.00406196 0.00413604 0.00936334 0.938751 0.0038794 0.00344363 0.00373209 0.00474094 0.0214703 0.00262107
5 0.0122148 0.00503785 0.00901096 0.0336676 0.819207 0.0113325 0.0043456 0.00916481 0.0167679 0.0716341 0.00761692
5 0.0116311 0.00664141 0.00946025 0.0584254 0.827243 0.0146838 0.00463251 0.00611021 0.0145103 0.0339358 0.0127263
5 0.0114646 0.00492055 0.00792555 0.129956 0.702919 0.0130576 0.00816128 0.00585512 0.0175294 0.0809922 0.0172189
5 0.023836 0.0035733 0.00902211 0.067058 0.612826 0.0118586 0.00427786 0.00706468 0.0202113 0.228418 0.0118549
5 0.00520329 0.00236448 0.00464295 0.0307582 0.871844 0.00551839 0.00303108 0.00335196 0.00390511 0.0653472 0.00403329
5 0.00380961 0.0054908 0.00910903 0.0730618 0.807137 0.00818396 0.00936251 0.00339563 0.0061058 0.0625838 0.0117605
5 0.0111527 0.00315753 0.00756008 0.0453461 0.82351 0.00751644 0.00569879 0.00548967 0.0133381 0.0653034 0.0119268
5 0.0197178 0.00573284 0.0178402 0.110951 0.663951 0.0228922 0.0175347 0.0188765 0.0427476 0.0666237 0.013133
5 0.0138184 0.00714578 0.0121051 0.0146842 0.707929 0.034519 0.00449772 0.00916351 0.0175532 0.157253 0.0213315
5 0.0126355 0.00599931 0.00432495 0.0108268 0.768606 0.00677229 0.00230094 0.00914734 0.0121498 0.161574 0.00566313
5 0.00504918 0.00498436 0.00693274 0.0055353 0.866217 0.0131041 0.00285876 0.005486 0.00606841 0.0764851 0.0072793
5 0.00706567 0.00824242 0.00674176 0.0247593 0.868483 0.00881491 0.00677942 0.00524231 0.00859164 0.0491657 0.00611422
5 0.00436244 0.00521429 0.00551033 0.0134345 0.913486 0.00662232 0.0042598 0.00452677 0.00529514 0.032568 0.00472018
5 0.00804822 0.00771361 0.00862274 0.0138346 0.878182 0.0166911 0.00333775 0.00925896 0.0122746 0.0357991 0.00623772
5 0.00626455 0.0191083 0.0172527 0.0300496 0.821868 0.0223364 0.0126798 0.0110998 0.0126083 0.0390908 0.00764158
5 0.0150023 0.0313859 0.0289975 0.00752601 0.750083 0.0300919 0.00794377 0.0375905 0.0343717 0.0473543 0.00965353
5 0.0142087 0.0309633 0.0301804 0.00424096 0.749261 0.0321041 0.00731058 0.0371496 0.0336622 0.050953 0.00996625
5 0.0118375 0.0237285 0.0162701 0.0192941 0.773765 0.0188061 0.0111339 0.0204378 0.0199684 0.0779484 0.00680967
6 0.0136313 0.00655367 0.0265677 0.00828185 0.00125914 0.757926 0.00360538 0.00572196 0.0763895 0.0081136 0.0919502
6 0.00496555 0.00963644 0.017161 0.00913515 0.00154257 0.82887 0.00324888 0.00430586 0.040777 0.0161141 0.0642435
6 0.00874127 0.0760055 0.061646 0.00248594 0.00180068 0.774068 0.00399232 0.0205494 0.0189725 0.0237006 0.00803775
6 0.0125949 0.0625875 0.107089 0.00594583 0.00495806 0.482499 0.00705358 0.0996095 0.10257 0.0753837 0.0397096
6 0.010344 0.0684312 0.0699839 0.00341291 0.00198336 0.676357 0.00261274 0.0430262 0.0331656 0.0722585 0.018425
6 0.00808349 0.0121775 0.0119071 0.0102923 0.00207701 0.805873 0.00220215 0.00288345 0.026445 0.0282572 0.0898016
6 0.00612833 0.0409449 0.036318 0.0159959 0.00383218 0.741305 0.0111019 0.00711393 0.0233623 0.0199817 0.0939158
6 0.00938432 0.13015 0.0428214 0.00621742 0.00199993 0.67774 0.00494522 0.0189467 0.0328436 0.0536192 0.0213325
6 0.00653381 0.184067 0.139764 0.00232789 0.00135838 0.589678 0.00401703 0.023637 0.0188366 0.0240844 0.00569543
6 0.0173104 0.0556872 0.0515454 0.00644058 0.00171727 0.728361 0.00301099 0.0163832 0.0360176 0.0674502 0.0160763
6 0.00380141 0.0190962 0.0110236 0.00227686 0.000523321 0.890452 0.00166099 0.0026395 0.0199581 0.0122906 0.0362775
6 0.00336213 0.0568588 0.0245912 0.00262484 0.000319359 0.844535 0.0043951 0.00342836 0.0206196 0.00413454 0.0351314
6 0.0205222 0.0725418 0.0741058 0.001906 0.000532829 0.733067 0.00177433 0.0113027 0.0578409 0.0100253 0.0163809
6 0.0209505 0.0324936 0.0522081 0.0280607 0.0053937 0.609888 0.0227976 0.0259469 0.162178 0.0184499 0.0216321
6 0.0134037 0.0438018 0.0169128 0.0122288 0.00315234 0.758528 0.00312519 0.0173652 0.0528518 0.0483815 0.0302488
6 0.00586902 0.226924 0.185601 0.00262827 0.00197772 0.489904 0.00319682 0.0315132 0.0202139 0.0174147 0.0147581
6 0.00563487 0.120445 0.0499355 0.00150885 0.000851116 0.750385 0.00210534 0.0217953 0.0157728 0.021602 0.00996428
6 0.00281527 0.115526 0.0826872 0.00206442 0.000960547 0.727044 0.00284353 0.00801777 0.0109793 0.0324654 0.0145962
6 0.0134048 0.108918 0.0421235 0.0104812 0.00182323 0.630841 0.00494009 0.0175533 0.0677935 0.0635005 0.038621
6 0.00140418 0.00785933 0.00708217 0.00523439 0.000747911 0.918391 0.00202854 0.00103364 0.0180653 0.0133746 0.0247785
6 0.00210134 0.0351406 0.011078 0.00475417 0.000935842 0.828426 0.00330808 0.00139691 0.0246945 0.0207406 0.0674236
6 0.0129803 0.0251135 0.0634615 0.0845621 0.00816728 0.464231 0.0084559 0.00402633 0.0369758 0.0358158 0.256211
6 0.0226625 0.0393573 0.0635141 0.00814655 0.00339321 0.699828 0.00472652 0.014488 0.0710154 0.0142077 0.0586608
6 0.0241351 0.0460026 0.0998351 0.00292883 0.00140398 0.726286 0.00263766 0.00864895 0.0486568 0.0181811 0.0212841
6 0.0371991 0.0408544 0.0539836 0.00357164 0.00192283 0.731248 0.00325677 0.0107277 0.0690194 0.0274617 0.0207553
6 0.050075 0.0395335 0.130347 0.00369082 0.00162613 0.642227 0.00236455 0.00923681 0.0643796 0.0239121 0.0326076
6 0.0130709 0.0425084 0.0414426 0.00915784 0.00219073 0.752174 0.00366278 0.00458663 0.040732 0.0195553 0.0709189
6 0.00621035 0.0108565 0.0450725 0.0307388 0.00683892 0.703071 0.0103419 0.00997864 0.0577052 0.0359953 0.083191
6 0.00666488 0.0497834 0.029197 0.0210019 0.00503306 0.746257 0.0105882 0.00716993 0.0228569 0.02537 0.0760777
6 0.0121931 0.0261231 0.0250578 0.0505395 0.00596921 0.655058 0.00812221 0.00684185 0.0382748 0.0219896 0.149831
7 0.000842322 0.00252222 0.0221617 0.0242644 0.00102808 0.0387157 0.869387 0.000941349 0.0063444 0.00296926 0.0308231
7 0.00104344 0.00303356 0.0454877 0.0199588 0.00103147 0.0231859 0.868567 0.00175367 0.00900968 0.0034068 0.0235223
7 0.00217165 0.0458044 0.114245 0.00365005 0.000785563 0.102282 0.695245 0.00237453 0.0065266 0.0028851 0.0240298
7 0.000584332 0.0365083 0.0810631 0.00406188 0.000411275 0.128381 0.716323 0.00138677 0.00330585 0.00162445 0.0263502
7 0.000744216 0.0034229 0.0063807 0.0171793 0.00105362 0.0419753 0.905926 0.000598354 0.00246857 0.00415006 0.0161013
4 0.0123491 0.00618044 0.0381015 0.380869 0.00267073 0.210647 0.103337 0.00395863 0.111461 0.0106711 0.119753
7 0.00267729 0.00423144 0.0293373 0.0301259 0.00148426 0.0214427 0.889095 0.00248389 0.0062831 0.00401088 0.00882863
7 0.00193198 0.0117359 0.0702417 0.0838487 0.00260564 0.0399357 0.705156 0.00307167 0.00956808 0.00616934 0.0657349
7 0.00154132 0.0047908 0.00938341 0.030876 0.0041558 0.0572953 0.856836 0.0014022 0.00576826 0.010743 0.0172077
7 0.000620853 0.00677601 0.0125793 0.00284739 0.000268413 0.0333554 0.92095 0.000824862 0.00334495 0.00223607 0.0161969
7 0.00125489 0.0312165 0.0323345 0.00173684 0.000970306 0.0630786 0.854649 0.00217271 0.00360181 0.00374565 0.00523939
7 0.000634713 0.00465196 0.00448503 0.00924444 0.00182761 0.0269968 0.940103 0.000777669 0.00171962 0.00469559 0.0048639
7 0.000742556 0.00739293 0.00733686 0.00430055 0.00123552 0.0271296 0.940967 0.000934492 0.00184251 0.00363276 0.00448515
7 0.00242628 0.0252998 0.0321937 0.00740016 0.0040322 0.0589783 0.830767 0.0044345 0.00928897 0.0120339 0.0131452
7 0.000884781 0.0114869 0.0209248 0.021088 0.00100702 0.0543785 0.841349 0.00112937 0.00329619 0.00347475 0.0409807
7 0.00221727 0.0323374 0.0502923 0.00360132 0.00103199 0.0349762 0.854484 0.00362847 0.00671144 0.00417476 0.00654461
7 0.000476544 0.00534155 0.00576085 0.00214362 0.000642721 0.0210516 0.958233 0.000521663 0.000935439 0.00267584 0.0022168
7 0.0025845 0.0226461 0.0410442 0.0106112 0.00418164 0.0641226 0.832585 0.00402012 0.00684517 0.00648443 0.00487548
7 0.00336303 0.0228392 0.0415024 0.00540158 0.00271808 0.0635627 0.792502 0.00594874 0.0183501 0.0122964 0.0315157
7 0.00171641 0.0028356 0.0278192 0.135052 0.00261393 0.0204485 0.763331 0.00145999 0.0120318 0.00397565 0.0287165
7 0.000493911 0.00337396 0.0383994 0.012401 0.000448955 0.0304822 0.894273 0.000983387 0.00531611 0.00116881 0.0126595
7 0.000399687 0.00282536 0.0075791 0.0123072 0.000658903 0.0185465 0.948783 0.000411313 0.00130135 0.00149846 0.005689
7 0.000321825 0.0200864 0.0259653 0.00631757 0.00036139 0.0508177 0.878059 0.000713825 0.00191083 0.0011147 0.0143318
5 0.0023173 0.0650314 0.0150561 0.00414211 0.430978 0.0883985 0.0106931 0.0165987 0.0365132 0.0272597 0.303012
5 0.00403593 0.0333464 0.0314922 0.0156007 0.656254 0.035733 0.014508 0.0369004 0.0439627 0.0328637 0.0953031
7 0.00367927 0.0173823 0.0962604 0.310227 0.00585669 0.0352461 0.349831 0.00679367 0.0508173 0.00553125 0.118375
7 0.00335161 0.00828764 0.0523297 0.0145201 0.00520757 0.0200204 0.871708 0.0087786 0.0075839 0.00358055 0.00463168
7 0.00396037 0.0172489 0.033266 0.0408238 0.00506209 0.0812984 0.734978 0.00653791 0.0191126 0.0142955 0.0434166
7 0.00213657 0.0111006 0.0197714 0.0200882 0.00243764 0.0452346 0.853543 0.00289915 0.00796487 0.00772479 0.0270993
7 0.00262475 0.0272167 0.0333156 0.0180245 0.00413072 0.0566024 0.812652 0.0045341 0.00858964 0.0139215 0.0183876
8 0.0498394 0.00609473 0.0135804 0.0037534 0.00163463 0.0138918 0.00522862 0.868892 0.0277291 0.00461917 0.00473656
8 0.0308479 0.00622997 0.013729 0.00219754 0.00121537 0.0114772 0.00454618 0.903433 0.0202512 0.00328192 0.00279126
8 0.0397089 0.00740692 0.0229414 0.00202135 0.00251832 0.0143963 0.00433508 0.883862 0.014659 0.00646447 0.00168661
8 0.0260758 0.0277182 0.0270395 0.00207053 0.00214665 0.024473 0.00655259 0.835286 0.0209697 0.0252936 0.00237467
8 0.319707 0.0138712 0.0132441 0.00476932 0.00233962 0.0358487 0.00626411 0.442429 0.146006 0.00846455 0.00705705
8 0.0877304 0.0235934 0.0323345 0.00438583 0.00252193 0.0242436 0.00655965 0.707685 0.064968 0.0396589 0.00631864
8 0.048533 0.00639707 0.0132535 0.00436135 0.00280235 0.0121682 0.00582233 0.841703 0.0426715 0.0172763 0.00501092
8 0.052371 0.00760111 0.0242753 0.00269477 0.00197913 0.0115871 0.00526203 0.851678 0.0340997 0.00573034 0.00272136
8 0.0883724 0.0068342 0.0154178 0.00190872 0.00163851 0.00685012 0.0059796 0.836622 0.032065 0.00279398 0.00151728
8 0.0253249 0.0101517 0.0151989 0.00159406 0.00177638 0.0205566 0.00569875 0.861081 0.0498019 0.00580751 0.00300832
8 0.0299024 0.00594632 0.0426887 0.000867025 0.000796376 0.0160719 0.00218286 0.8469 0.0487608 0.00367768 0.002206
8 0.0484166 0.00681013 0.0128524 0.00416432 0.00328315 0.0144489 0.00606617 0.841565 0.0441112 0.0126794 0.00560278
8 0.0485639 0.00741991 0.0111861 0.00343739 0.00297552 0.0114053 0.00629123 0.848973 0.0478911 0.00803155 0.00382511
8 0.0375612 0.00710109 0.0085472 0.00275635 0.00192734 0.0093478 0.00504423 0.901513 0.0180497 0.0053033 0.00284857
8 0.0489926 0.00751699 0.00852502 0.00198955 0.00273458 0.00941926 0.00484647 0.889695 0.0171905 0.00736305 0.00172662
8 0.0106821 0.0361751 0.0218629 0.00120933 0.00179074 0.0278356 0.00667696 0.846226 0.0246093 0.0209176 0.00201391
8 0.0473116 0.00408739 0.00389168 0.00122844 0.00130532 0.00404644 0.00393354 0.920625 0.010662 0.00213312 0.000775558
8 0.027988 0.00646591 0.0173647 0.00112154 0.000877302 0.0229364 0.00276167 0.885563 0.0295667 0.00315532 0.00219981
8 0.00852667 0.0262454 0.237042 0.00603854 0.00218108 0.0821443 0.00683569 0.522348 0.0881382 0.0118679 0.00863225
8 0.0192169 0.0031487 0.0259457 0.00060041 0.000484547 0.0109268 0.00207158 0.916707 0.0181701 0.00150575 0.00122239
8 0.0131648 0.0079526 0.0260126 0.00157639 0.00111721 0.0205207 0.00441215 0.872104 0.0463893 0.00358554 0.00316425
8 0.022334 0.00358791 0.00726361 0.000784748 0.000614355 0.00481462 0.00474074 0.928124 0.0256224 0.00118273 0.000931008
8 0.0747386 0.00420445 0.00781697 0.000985258 0.00104885 0.00591008 0.00356784 0.853316 0.044705 0.00261209 0.00109515
8 0.0192189 0.00480409 0.0114861 0.00147393 0.00173034 0.00822447 0.00313836 0.932888 0.00762296 0.00843014 0.000982924
8 0.110274 0.00331773 0.0111719 0.00323451 0.004662 0.00913054 0.0033053 0.817009 0.0225132 0.013556 0.00182625
8 0.0386448 0.0177936 0.0347945 0.00604402 0.00204482 0.0567083 0.00704662 0.678481 0.13531 0.0106272 0.0125051
8 0.0302089 0.00314704 0.00611261 0.000989293 0.00121602 0.00991036 0.00269761 0.893116 0.0455967 0.00481237 0.00219313
8 0.109904 0.00457332 0.00972993 0.00146132 0.00198139 0.00933811 0.00281807 0.72607 0.124042 0.00713001 0.00295221
8 0.0238017 0.0205188 0.0209922 0.00259779 0.0029383 0.0251451 0.00629711 0.834972 0.0241799 0.0352159 0.00334123
8 0.278114 0.011921 0.0642622 0.00355946 0.00125021 0.0138528 0.00681502 0.537572 0.0755434 0.00351087 0.00359957
9 0.111654 0.00652948 0.0182239 0.0114381 0.0061546 0.016793 0.00726787 0.0325178 0.766293 0.0129026 0.0102258
9 0.0650867 0.00313999 0.0117704 0.00334848 0.0016164 0.00664997 0.00349714 0.0171262 0.87703 0.00551196 0.00522251
9 0.0634248 0.00404615 0.00986973 0.00152415 0.00106158 0.00754201 0.00296091 0.0254792 0.875607 0.00396099 0.0045238
9 0.0514347 0.00951135 0.0121221 0.00682663 0.00170092 0.050539 0.00612746 0.0164242 0.799291 0.00969632 0.0363265
9 0.0255519 0.00350463 0.0164041 0.0169624 0.00246864 0.0823944 0.00821723 0.0119547 0.742724 0.0137545 0.0760632
9 0.0635935 0.00341906 0.0127245 0.00174915 0.00110395 0.015067 0.00233067 0.0257241 0.862345 0.0054312 0.00651203
9 0.318468 0.0147812 0.0985324 0.00211069 0.00349139 0.0507741 0.00324704 0.0741055 0.40239 0.0202162 0.0118841
9 0.0585092 0.0154469 0.0187319 0.0201652 0.0164048 0.0290181 0.0117162 0.0586347 0.729131 0.0264767 0.0157657
9 0.0562021 0.00566921 0.0102975 0.00655805 0.00185404 0.0546102 0.00411009 0.012006 0.80265 0.0113031 0.0347397
9 0.0689912 0.0145402 0.0236655 0.00739108 0.00199138 0.0401577 0.00726643 0.0221098 0.770202 0.0201733 0.0235113
9 0.0410642 0.00610221 0.0208476 0.0175109 0.00285111 0.0400936 0.00874657 0.0185462 0.79878 0.0169576 0.0284997
9 0.0363122 0.00866975 0.027493 0.00999073 0.00163541 0.0288296 0.00828349 0.0159873 0.823561 0.0136134 0.0256243
9 0.0701953 0.00622473 0.00933646 0.012746 0.00249981 0.0567504 0.00652 0.0113424 0.773771 0.0161587 0.0344555
9 0.139129 0.0100482 0.0290544 0.00582135 0.00118712 0.0223721 0.00614907 0.0225385 0.737253 0.0127237 0.0137238
1 0.586314 0.0138024 0.07041 0.0147807 0.00409535 0.0257308 0.00597407 0.0487446 0.212902 0.00613147 0.0111143
4 0.0151397 0.0129279 0.133223 0.310472 0.0173135 0.175006 0.193227 0.00923712 0.0981306 0.00973676 0.0255874
9 0.038354 0.00662069 0.0135185 0.00580023 0.00273693 0.0260465 0.00483718 0.0510097 0.809359 0.00870226 0.0330153
9 0.142512 0.00256485 0.0134009 0.0139026 0.012818 0.00221052 0.00763443 0.0449107 0.722449 0.0244228 0.0131746
1 0.744695 0.00611426 0.0566047 0.00528459 0.001724 0.00855818 0.00590101 0.0396162 0.123587 0.00282143 0.00509385
9 0.0358821 0.00396957 0.02973 0.00742945 0.00283286 0.0125199 0.00797786 0.056981 0.803156 0.0234561 0.0160651
9 0.192216 0.00123779 0.00435314 0.00123052 0.00113554 0.00287128 0.0017233 0.0285167 0.749835 0.0119543 0.00492664
1 0.556719 0.0018771 0.00239487 0.00241897 0.00171629 0.00364993 0.0027763 0.0114848 0.406084 0.00604518 0.00483322
9 0.0361697 0.0141827 0.0473892 0.0165927 0.0081133 0.038311 0.0115777 0.0584661 0.731961 0.0219436 0.0152925
9 0.243785 0.00215032 0.0185675 0.000841063 0.000989717 0.00338291 0.00201177 0.0842834 0.632579 0.00847083 0.00293857
1 0.715201 0.00456183 0.00598723 0.0010451 0.00139258 0.00886517 0.00235032 0.0114228 0.241888 0.00297583 0.00430928
9 0.0516487 0.019465 0.0189765 0.0043506 0.0056899 0.0208684 0.0083046 0.0608165 0.78191 0.0156027 0.0123671
9 0.0494267 0.029918 0.0273709 0.00553197 0.00334232 0.0557199 0.00724653 0.0520917 0.739125 0.0157005 0.0145264
9 0.0530602 0.026462 0.0244528 0.00354382 0.00454239 0.0284662 0.00780834 0.0604191 0.761581 0.0186423 0.0110214
9 0.154446 0.0118618 0.0096688 0.00660481 0.0100323 0.0200141 0.00637218 0.0328051 0.697755 0.0357033 0.0147368
9 0.0634631 0.0137126 0.0143657 0.0035293 0.00427743 0.0196895 0.00705514 0.0532517 0.793802 0.015159 0.0116942
10 0.00741787 0.00291499 0.00531318 0.00364505 0.00113627 0.0143953 0.00185576 0.0038429 0.00881568 0.94522 0.00544292
10 0.00876282 0.00544866 0.00586792 0.00461658 0.000935657 0.0299994 0.00180514 0.00391596 0.00910317 0.924573 0.00497188
10 0.0374437 0.00395043 0.00725715 0.00188445 0.00200608 0.0134746 0.00216676 0.0385206 0.0511526 0.835644 0.00649921
4 0.0301165 0.00500713 0.180108 0.266537 0.0189165 0.091804 0.0365991 0.0163353 0.263655 0.0368076 0.0541136
6 0.00287541 0.00912295 0.0151364 0.222887 0.00573872 0.516481 0.0793884 0.0021249 0.0227564 0.0391406 0.0843481
7 0.00310021 0.00778407 0.0154124 0.244994 0.00966961 0.263365 0.34258 0.00199317 0.0189657 0.0411478 0.0509881
10 0.014684 0.00507593 0.00356143 0.000808961 0.000268001 0.0127502 0.00125642 0.00958926 0.0067093 0.94448 0.000816898
10 0.00908131 0.00327277 0.0117638 0.0111921 0.00144753 0.0284406 0.00211303 0.00482727 0.0118835 0.91008 0.00589768
10 0.0165899 0.0733268 0.0130384 0.0838828 0.0190415 0.0457206 0.0361593 0.0261602 0.0233295 0.644067 0.0186835
10 0.0176938 0.00152143 0.00336926 0.0133306 0.120227 0.00683729 0.00257249 0.019889 0.0248844 0.779648 0.0100273
10 0.00261804 0.00380452 0.00473647 0.000512879 0.00167723 0.0113345 0.00107628 0.00448067 0.00350316 0.965156 0.00110049
10 0.00106725 0.00831083 0.00866543 0.00277198 0.000900288 0.0129425 0.00165807 0.0038362 0.00885905 0.941473 0.0095151
10 0.014988 0.0488609 0.0145858 0.0235933 0.003987 0.03656 0.0054728 0.0319615 0.134192 0.6412 0.0445988
5 0.0052399 0.0168845 0.00680819 0.0524221 0.755551 0.00583464 0.0172947 0.00618799 0.00873007 0.120406 0.00464075
10 0.00184537 0.020874 0.00964618 0.00150295 0.00172461 0.0160567 0.0016533 0.00588651 0.0168065 0.905217 0.0187866
10 0.00549696 0.100719 0.0386948 0.00292079 0.00546965 0.0658061 0.00327218 0.0207017 0.0673177 0.61023 0.079371
10 0.223675 0.0100509 0.0484044 0.00341344 0.0013783 0.00896373 0.00379673 0.105108 0.05002 0.541075 0.00411462
10 0.0115016 0.0064175 0.0144596 0.0033518 0.00976385 0.0344031 0.00238074 0.0145467 0.0221494 0.867469 0.0135565
10 0.0141223 0.00812386 0.00704051 0.00570635 0.0033237 0.0395948 0.00231944 0.00499784 0.0127604 0.894873 0.00713768
10 0.021276 0.0062423 0.00885607 0.0117212 0.00609488 0.0315114 0.00274942 0.00709245 0.0180673 0.87669 0.00969873
10 0.0845376 0.00452683 0.0202199 0.00185551 0.00455112 0.0115303 0.00268465 0.115366 0.0390383 0.710435 0.00525392
10 0.0129564 0.0128167 0.00869556 0.0281446 0.02993 0.0175838 0.00725868 0.00794893 0.0201209 0.837695 0.0168495
10 0.00924606 0.00988852 0.00676745 0.00249912 0.000338881 0.0402489 0.00147 0.00923336 0.00850784 0.908169 0.00363131
10 0.00597283 0.0100455 0.034621 0.00210733 0.00199512 0.0171009 0.00278447 0.00490398 0.0222167 0.892868 0.00538395
10 0.00124288 0.0056256 0.00442486 0.00256991 0.000920807 0.0197981 0.00190425 0.00348182 0.00505353 0.949096 0.0058825
10 0.000892964 0.00161671 0.0019728 0.000813366 0.000954688 0.00429392 0.00127146 0.00123451 0.00161754 0.984207 0.00112555
10 0.0167968 0.00317286 0.00361974 0.00234029 0.0279537 0.00308446 0.002293 0.0241546 0.0125911 0.902293 0.00170005
10 0.0113412 0.00396781 0.00709749 0.0123815 0.079368 0.00590385 0.00364004 0.0252045 0.0188796 0.82615 0.00606586
10 0.0080095 0.011254 0.0218975 0.00208044 0.00113565 0.0289096 0.00303871 0.00662008 0.0146606 0.898678 0.00371608
10 0.0080095 0.011254 0.0218975 0.00208044 0.00113565 0.0289096 0.00303871 0.00662008 0.0146606 0.898678 0.00371608
11 0.00726516 0.00451509 0.0240307 0.0120487 0.00127418 0.363417 0.00882643 0.00479457 0.0717637 0.0106279 0.491437
6 0.00894407 0.003729 0.0177706 0.0113632 0.000949179 0.497088 0.00509174 0.00508838 0.0799659 0.00957701 0.360433
6 0.0264199 0.136793 0.0875915 0.0140914 0.00306375 0.455384 0.0207188 0.0210998 0.0781422 0.00836258 0.148333
9 0.0851395 0.0220379 0.144916 0.106673 0.015592 0.162486 0.0354141 0.0330089 0.284395 0.0340683 0.0762687
6 0.041942 0.052674 0.0601101 0.0536501 0.00527093 0.320562 0.0155713 0.015723 0.066137 0.05385 0.31451
11 0.0130497 0.0596001 0.0432852 0.0577032 0.00763199 0.163421 0.0221459 0.0185331 0.0555071 0.0457468 0.513376
6 0.00492466 0.00507506 0.0324606 0.0716143 0.00349677 0.440403 0.0256417 0.0036704 0.0551785 0.0175255 0.340009
11 0.0498742 0.0259628 0.024983 0.0360751 0.0034282 0.248972 0.0118094 0.0158554 0.190923 0.0343215 0.357795
11 0.00544953 0.06761 0.0291734 0.0068336 0.000618516 0.250935 0.00580755 0.00303787 0.0261194 0.00731286 0.597102
9 0.0751873 0.0296319 0.0298247 0.0108536 0.00337935 0.108939 0.005531 0.0491426 0.480094 0.0356221 0.171794
11 0.0177023 0.0815477 0.0490282 0.0667006 0.0253465 0.181121 0.153289 0.0351507 0.0877806 0.0591152 0.243218
11 0.0150123 0.162231 0.0592025 0.0994288 0.0348021 0.121534 0.039544 0.0218019 0.0373134 0.103611 0.30552
10 0.0367607 0.105526 0.0999365 0.0916363 0.00613041 0.0880489 0.0130004 0.0540778 0.189378 0.206739 0.108766
9 0.0421166 0.01661 0.0918484 0.0113754 0.00411363 0.279556 0.0021074 0.0156568 0.300223 0.0506122 0.18578
11 0.0107072 0.0195345 0.0490855 0.0153354 0.00140997 0.20626 0.00257648 0.00401481 0.157099 0.00901848 0.524959
11 0.00342417 0.0238093 0.0108638 0.00296957 0.0131367 0.0769638 0.000917068 0.00743171 0.119929 0.0336013 0.706953
11 0.00712061 0.0253859 0.0231192 0.00261504 0.0182748 0.0503468 0.000761482 0.00861033 0.135266 0.0727891 0.655711
5 0.00547043 0.00109784 0.00314226 0.0162626 0.864366 0.00104118 0.0029145 0.00491551 0.00710262 0.0898147 0.00387283
11 0.0156846 0.0790352 0.0996404 0.00489351 0.0322649 0.25097 0.00462838 0.102379 0.103302 0.0343083 0.272894
6 0.00575197 0.104217 0.074717 0.00688165 0.00568788 0.397835 0.00780491 0.0153006 0.068315 0.00667553 0.306813
11 0.00398673 0.0483347 0.0291942 0.00422964 0.00314202 0.270241 0.00188274 0.00638083 0.100391 0.0152996 0.516918
11 0.00354726 0.0635546 0.0612912 0.0139782 0.0016337 0.09253 0.0243656 0.0176198 0.0888042 0.00530615 0.627369
11 0.0153356 0.0259168 0.0953014 0.0229737 0.00552538 0.066226 0.0173736 0.0307794 0.146258 0.0124747 0.561836
11 0.00350407 0.0645823 0.0683753 0.00208406 0.000462218 0.183248 0.00983264 0.00331684 0.0293642 0.00267458 0.632556
11 0.0159133 0.00818385 0.0351321 0.0222861 0.011151 0.264875 0.00358812 0.00805897 0.0710751 0.0444815 0.515255
11 0.0151117 0.0405149 0.052668 0.0674238 0.00719979 0.0874104 0.0294505 0.0139519 0.0653174 0.0262762 0.594675
11 0.00889756 0.0188326 0.0372605 0.156879 0.00737776 0.197671 0.042184 0.0061583 0.0504997 0.021089 0.453151
11 0.0188811 0.015359 0.027795 0.107929 0.0220148 0.0582156 0.0176463 0.0105023 0.0872375 0.0552463 0.579173
6 0.00488966 0.0383904 0.0623108 0.0724542 0.0062231 0.561314 0.0242934 0.00483799 0.0225563 0.0172823 0.185448
11 0.0234654 0.0170888 0.074203 0.0111558 0.00323301 0.272013 0.00331728 0.0122755 0.0839401 0.0135847 0.485723
1 0.902526 0.00150418 0.00100598 0.000443822 0.000490446 0.00143915 0.0010257 0.0879388 0.00208604 0.00109613 0.000444042
1 0.954018 0.00226971 0.00120678 0.000478543 0.000473717 0.00306904 0.00109466 0.0318685 0.00250702 0.0022715 0.00074268
1 0.881083 0.00158033 0.00472908 0.00305953 0.00194343 0.00306164 0.00175944 0.0467266 0.0450049 0.00786309 0.00318908
1 0.959106 0.00100745 0.000386779 0.0010296 0.00031874 0.00147403 0.00102337 0.0305445 0.0025048 0.00182037 0.000784136
1 0.981688 0.000881234 0.000500078 0.000715977 0.000291603 0.00152908 0.000955431 0.00752831 0.00383062 0.00131654 0.00076311
1 0.946668 0.000901511 0.00179742 0.00143746 0.000619849 0.00184786 0.00126946 0.0199885 0.0221764 0.00220643 0.00108753
1 0.932177 0.00457257 0.0102709 0.00167206 0.000289858 0.00429979 0.00174206 0.0301114 0.0126621 0.00101842 0.00118339
1 0.967402 0.00107647 0.00101819 0.0012207 0.000379684 0.00191456 0.00130288 0.0194917 0.00437524 0.00103479 0.000783258
1 0.971669 0.00110652 0.000677771 0.000698449 0.000272834 0.00221369 0.000783215 0.0190537 0.00198297 0.000986819 0.000555285
1 0.726067 0.000789868 0.00470117 0.00102578 0.000576616 0.00153577 0.00160385 0.202041 0.0589633 0.00150277 0.00119306
1 0.36042 0.0379176 0.13758 0.0055939 0.00588752 0.0177798 0.00951377 0.151534 0.0813767 0.184157 0.00824022
1 0.890695 0.00557861 0.00965684 0.00311811 0.000347181 0.0078654 0.00281245 0.0364187 0.0393542 0.00162291 0.0025305
1 0.920236 0.00347237 0.00226509 0.00668765 0.00109245 0.0200275 0.00223383 0.00681659 0.024261 0.00496963 0.00793758
8 0.147019 0.00343733 0.209382 0.00374745 0.00227259 0.00576965 0.00236478 0.542236 0.0768916 0.00325116 0.00362931
1 0.974852 0.000406147 0.000194628 0.000269248 0.000135638 0.000305252 0.000463428 0.0204942 0.00241336 0.000293085 0.000172544
1 0.570713 0.00634399 0.159175 0.00420818 0.00142396 0.00571137 0.00309862 0.18644 0.0558259 0.00475448 0.00230497
