1 0.947639 0.00563265 0.00719096 0.00289556 0.0056725 0.00315713 0.00224831 0.00792358 0.00933053 0.0062396 0.00207002
1 0.948891 0.00562754 0.00733206 0.0027314 0.00536764 0.00303709 0.00218681 0.00849998 0.00823165 0.0059018 0.0021932
1 0.954683 0.0051446 0.00646425 0.00259724 0.00487078 0.0027379 0.00206873 0.00750896 0.00648798 0.005386 0.00205023
1 0.94509 0.00585349 0.00752414 0.00249447 0.00550384 0.00314599 0.00211988 0.00888796 0.010779 0.006351 0.00224996
1 0.940007 0.00631438 0.00772997 0.00284929 0.00636219 0.00357351 0.0023242 0.0099072 0.011473 0.00706228 0.00239716
1 0.937466 0.00588576 0.00679481 0.00329632 0.00779878 0.00388888 0.00240395 0.00946528 0.0125901 0.00769876 0.00271175
1 0.95797 0.00343844 0.00402444 0.00266845 0.0059871 0.00312849 0.00187265 0.00701821 0.00650307 0.00600927 0.00137966
1 0.964001 0.00343459 0.00414158 0.00230102 0.00461759 0.0024748 0.00181444 0.0058235 0.0056148 0.0043925 0.00138408
1 0.964278 0.00413246 0.0052814 0.00221605 0.00400349 0.00237286 0.00182777 0.00553352 0.00454083 0.00402995 0.00178393
1 0.991203 0.000435633 0.000707521 0.000629706 0.000719847 0.000701136 0.000622901 0.0032619 0.000655864 0.000585129 0.000477619
1 0.989881 0.000456394 0.000614751 0.00063429 0.000708215 0.000779992 0.000603881 0.00449945 0.000718069 0.000644044 0.000459791
1 0.904991 0.00238889 0.00483406 0.00544886 0.0108414 0.00225216 0.0028203 0.0351666 0.0193467 0.00803239 0.00387777
1 0.991898 0.000471428 0.000878798 0.00062048 0.000713608 0.000711533 0.000614238 0.00248881 0.000495867 0.000578321 0.000529383
1 0.987658 0.00049598 0.00117411 0.000616354 0.000740924 0.000661352 0.000642341 0.00629431 0.000593264 0.000586843 0.000536137
1 0.976944 0.00107658 0.00192121 0.00191551 0.00310211 0.00126628 0.00141811 0.00600156 0.00309889 0.00199508 0.00126036
1 0.874759 0.00120972 0.00407642 0.00137519 0.00216357 0.000971307 0.00127127 0.101221 0.010049 0.00197978 0.000923791
1 0.979366 0.00069348 0.00163578 0.000999938 0.00145422 0.000664969 0.000949685 0.00792397 0.00486417 0.000906428 0.000541036
1 0.9915 0.000427856 0.00070883 0.000637904 0.000776078 0.00063313 0.000608744 0.0031414 0.000476433 0.000588205 0.000501898
1 0.965401 0.00327597 0.00443816 0.00196344 0.00341349 0.00222246 0.00180705 0.00665464 0.00558355 0.00363818 0.00160159
1 0.965868 0.00321735 0.00420947 0.00186112 0.00328918 0.00210714 0.00168237 0.00779034 0.00481003 0.0035175 0.0016476
1 0.961342 0.00364675 0.00493212 0.00205682 0.00353209 0.00222592 0.00186468 0.00948455 0.00530216 0.00386948 0.00174373
1 0.955643 0.00402253 0.00503641 0.0019529 0.00390422 0.00227183 0.00175673 0.010042 0.00886231 0.00461383 0.00189454
1 0.958711 0.00392865 0.00466478 0.00208047 0.00373646 0.00236141 0.00187613 0.00940788 0.00701996 0.00438742 0.00182586
1 0.949662 0.00431092 0.00492679 0.00271445 0.00483447 0.00295452 0.00231386 0.00932134 0.011229 0.00546208 0.00227004
1 0.974708 0.00197119 0.00228059 0.0015938 0.00299209 0.00233497 0.00139119 0.00523751 0.00318776 0.00328935 0.00101324
1 0.976574 0.00191717 0.0022944 0.00147151 0.002601 0.00174132 0.00137911 0.00537868 0.00314234 0.0024889 0.00101174
1 0.97335 0.00248428 0.00324045 0.00153312 0.00255567 0.00165599 0.00146343 0.0068582 0.0029519 0.00252938 0.00137734
1 0.967584 0.00193461 0.00179826 0.00240627 0.00334092 0.00233313 0.00176691 0.00622847 0.00747632 0.0039958 0.00113483
1 0.947653 0.00384753 0.00508982 0.00330532 0.00598952 0.00240028 0.00239264 0.00957223 0.0105535 0.00664665 0.00255001
1 0.900991 0.00416284 0.00682618 0.00183973 0.00452339 0.00655659 0.0014401 0.0206147 0.0400369 0.010337 0.00267191
1 0.989293 0.000587629 0.000671967 0.000805862 0.000844127 0.00091919 0.000848441 0.0031982 0.00143032 0.000796353 0.000605083
1 0.987404 0.000545687 0.000671928 0.000824403 0.000829938 0.000718199 0.000918804 0.00585421 0.000939913 0.000689529 0.000603171
1 0.985831 0.000463153 0.000590565 0.000707264 0.000999264 0.00069847 0.000695009 0.00746874 0.0012348 0.0007317 0.000579649
1 0.989213 0.000636027 0.000548104 0.00102886 0.00103686 0.00126015 0.000901855 0.00235354 0.0011077 0.00116841 0.000745174
1 0.982187 0.00111846 0.00126727 0.00126215 0.00171459 0.00108713 0.00112561 0.0059759 0.00211225 0.00138313 0.000766283
1 0.932052 0.00559776 0.00801231 0.00359695 0.00851236 0.00376081 0.0026079 0.0105161 0.013491 0.0088934 0.00295903
1 0.959556 0.00483053 0.00609594 0.00235148 0.00428542 0.00265535 0.00190718 0.00685587 0.00455599 0.00486941 0.00203671
1 0.952034 0.00576581 0.00701751 0.00259991 0.00480745 0.00334766 0.00204208 0.00852773 0.00514995 0.00645944 0.00224867
1 0.946938 0.00621668 0.00733933 0.00275026 0.00502185 0.00357623 0.00215827 0.00840406 0.00798469 0.00736605 0.00224488
1 0.941536 0.00617999 0.007562 0.00301743 0.00629632 0.00315409 0.00229224 0.00937192 0.0114172 0.00677097 0.00240196
1 0.941456 0.00617438 0.00746406 0.00299129 0.0067925 0.00342897 0.00229053 0.00960194 0.0102148 0.00716171 0.00242371
1 0.961629 0.00367816 0.00433788 0.00250678 0.00428569 0.00241879 0.00184698 0.00675895 0.00608517 0.00483252 0.00162007
1 0.970531 0.00234425 0.00334476 0.00212239 0.003792 0.00177483 0.00170471 0.00510955 0.00520255 0.00280535 0.00126818
1 0.970147 0.001987 0.00286727 0.00208642 0.00383096 0.00170374 0.00167445 0.00600916 0.0058739 0.00263534 0.00118459
1 0.982373 0.000915073 0.00141835 0.00135097 0.00231996 0.00107088 0.00116536 0.0047181 0.00269282 0.00124989 0.000725705
1 0.988878 0.000472565 0.000726633 0.00102098 0.00144818 0.000733435 0.000852575 0.00310105 0.0015198 0.000726749 0.000519648
1 0.990669 0.000412189 0.000674605 0.0008655 0.00116541 0.000659797 0.000765731 0.00260734 0.00109549 0.000599265 0.000485859
1 0.985959 0.000716661 0.00100889 0.00117915 0.0019615 0.000979455 0.000841247 0.00324362 0.00162921 0.0013201 0.00116071
1 0.986034 0.000726827 0.00108821 0.00131538 0.00189976 0.000814783 0.000949463 0.00242159 0.00264015 0.00115123 0.00095901
1 0.99028 0.000561326 0.000854827 0.000915581 0.00129283 0.000852757 0.000751259 0.0014955 0.00131275 0.000855323 0.000827715
1 0.992374 0.000467152 0.000793783 0.00067909 0.000956579 0.000717089 0.00060741 0.00127903 0.000798538 0.000658418 0.000668527
1 0.994402 0.000367832 0.000711132 0.000460682 0.000523256 0.000633267 0.000472844 0.00101471 0.000391011 0.000416389 0.000607132
1 0.98876 0.00047973 0.000644188 0.000550086 0.000656288 0.000951809 0.00049113 0.00485658 0.00101562 0.000667356 0.000927485
1 0.991334 0.000477992 0.000659429 0.000564318 0.000589322 0.000989447 0.000522604 0.00290778 0.000708721 0.00060317 0.000643483
1 0.992274 0.000582526 0.000756444 0.000778717 0.000661597 0.00129649 0.000645972 0.000980634 0.00069097 0.000693628 0.00063936
1 0.989986 0.000522595 0.000636699 0.000852037 0.000744699 0.00126121 0.000700542 0.00258261 0.00128388 0.000751829 0.000678244
1 0.992129 0.000450554 0.000552792 0.00100839 0.000851018 0.00095872 0.000746018 0.00107631 0.000893784 0.000708055 0.000625766
1 0.993375 0.000403675 0.000500353 0.000656016 0.000705256 0.000891289 0.000527495 0.00111549 0.000471403 0.00071889 0.000635549
1 0.709965 0.007154 0.00648767 0.0150409 0.086679 0.00912508 0.00386139 0.021456 0.0584129 0.0708284 0.0109897
1 0.983868 0.000679052 0.00151219 0.000875636 0.000998039 0.000882554 0.000865331 0.0072393 0.00146627 0.00086668 0.000746533
1 0.971512 0.00161634 0.00571655 0.00105309 0.00248084 0.00270566 0.00083117 0.00792873 0.00237656 0.0026058 0.00117344
1 0.951833 0.00269535 0.00526002 0.0023692 0.00576491 0.00301357 0.00164949 0.00944595 0.00662557 0.00716707 0.00417587
1 0.983539 0.000593264 0.00129665 0.00066289 0.000802558 0.000826152 0.000685361 0.00957509 0.000803974 0.00070013 0.000514977
1 0.581794 0.00373995 0.0101201 0.00200773 0.00375328 0.00278464 0.00136911 0.352992 0.0297883 0.00945224 0.0021987
1 0.980471 0.000888341 0.00296695 0.000898378 0.00128478 0.000879026 0.000858654 0.0080867 0.00160078 0.00116005 0.000905828
1 0.95647 0.00280605 0.00475168 0.0022261 0.00445334 0.00209061 0.00177224 0.0128613 0.00509237 0.00467787 0.0027986
1 0.955821 0.00338864 0.00540932 0.00274526 0.00580564 0.00211462 0.00186745 0.00880544 0.00546657 0.00547929 0.00309691
1 0.98383 0.000846163 0.0022115 0.00106459 0.00129071 0.0011452 0.000967463 0.0045999 0.00174508 0.00119658 0.00110246
1 0.975146 0.00135572 0.00235867 0.00174089 0.00267172 0.00153174 0.0014073 0.00490107 0.00346766 0.00300312 0.00241652
1 0.974852 0.00168138 0.00343862 0.00158184 0.00219211 0.00167544 0.00124447 0.0077675 0.00186651 0.00214275 0.00155761
1 0.982813 0.000946972 0.00201568 0.00126446 0.00158621 0.00110145 0.00107116 0.0045394 0.00190755 0.0015199 0.00123383
1 0.989442 0.000562364 0.00092019 0.00119544 0.00131826 0.000751994 0.00101061 0.00188968 0.00116414 0.000903412 0.000842101
1 0.985772 0.000797609 0.00157027 0.000978619 0.00123973 0.00109136 0.000846653 0.00437152 0.00106369 0.00119483 0.00107359
1 0.986336 0.000818898 0.00130572 0.00130106 0.00163306 0.00091557 0.00107429 0.00283472 0.00144179 0.00134876 0.000990566
1 0.985012 0.000815463 0.00241316 0.000950459 0.00114 0.000821645 0.000912594 0.00484596 0.00124653 0.000943662 0.000898832
1 0.985873 0.000721544 0.00126722 0.00128979 0.00154791 0.000847821 0.00109265 0.00347325 0.00151362 0.00125144 0.00112134
1 0.963604 0.0025538 0.00337326 0.00246853 0.00481398 0.00267298 0.001713 0.00620593 0.00368756 0.0055976 0.00330902
1 0.867561 0.00989536 0.0248397 0.00403747 0.0144915 0.00693041 0.00254409 0.0357164 0.0126236 0.0150175 0.00634314
1 0.949753 0.0042612 0.00594288 0.00218258 0.00387506 0.00253897 0.00192013 0.0172524 0.00572841 0.00452427 0.00202072
1 0.937109 0.00503156 0.0063458 0.00248724 0.00446947 0.00334759 0.00202346 0.0240219 0.00665725 0.00631035 0.00219686
1 0.964947 0.00367092 0.00435329 0.00195118 0.0030638 0.00269137 0.00169776 0.00667415 0.00480008 0.00440436 0.00174628
1 0.956217 0.00420277 0.00517249 0.00230634 0.00431249 0.00226595 0.00193257 0.00811816 0.00872935 0.00470539 0.00203711
1 0.959846 0.0036909 0.00422311 0.00212283 0.00415557 0.00225731 0.00175324 0.00901732 0.00643605 0.00459314 0.00190415
1 0.969394 0.00251406 0.00292752 0.00177152 0.00261607 0.002124 0.0015862 0.00718108 0.00520244 0.00332898 0.00135422
1 0.97743 0.00150511 0.00216436 0.00138322 0.0021551 0.00140914 0.00139287 0.00628877 0.00350599 0.00176232 0.00100278
1 0.979134 0.0011955 0.00180146 0.00125545 0.00194126 0.00124653 0.00126945 0.00611616 0.00371291 0.00144368 0.000883706
1 0.983191 0.000644047 0.00102769 0.000900981 0.0012515 0.000854445 0.000972868 0.00762964 0.00210389 0.000814653 0.000609244
1 0.986119 0.000447383 0.000716321 0.000720677 0.000901184 0.000747763 0.000779938 0.00647724 0.00190407 0.000611281 0.000575091
1 0.987202 0.000400938 0.000706893 0.000631532 0.000755787 0.000656605 0.00070813 0.00672242 0.001148 0.000528031 0.000540067
1 0.425563 0.00762231 0.00574478 0.00528314 0.00863571 0.00466721 0.00308411 0.138679 0.379353 0.00962462 0.011743
1 0.511702 0.00248002 0.00499741 0.00164407 0.00349837 0.00148006 0.00159707 0.448056 0.0197484 0.00295706 0.0018389
1 0.979414 0.00106158 0.00141903 0.00110574 0.00190115 0.00130209 0.0010235 0.00743431 0.00222938 0.00155729 0.00155212
1 0.983105 0.000814727 0.00136842 0.000752112 0.00120305 0.00100942 0.000806382 0.00752617 0.00126352 0.00107469 0.00107663
1 0.98702 0.000552601 0.000905568 0.000520448 0.000652229 0.000778909 0.000592664 0.00661867 0.000781581 0.000636993 0.000940718
1 0.958108 0.000973008 0.00112145 0.000732727 0.00111815 0.00139464 0.000664998 0.0296704 0.00312545 0.00143857 0.00165221
8 0.290859 0.00319625 0.00649989 0.00179813 0.00236286 0.00260169 0.00154434 0.626496 0.0580434 0.00405062 0.00254844
1 0.783331 0.00195886 0.00318364 0.00129448 0.0017023 0.00212477 0.00112695 0.184072 0.0170692 0.00224161 0.00189528
1 0.907689 0.00108111 0.00168672 0.00104386 0.00143763 0.00155157 0.000972429 0.0744364 0.00706124 0.00151387 0.00152617
1 0.950587 0.00439691 0.00712811 0.00167274 0.00242211 0.00464169 0.0017353 0.0101576 0.00964138 0.00520023 0.00241703
1 0.949982 0.00346225 0.00401834 0.00277867 0.00592373 0.00254879 0.00174656 0.00987382 0.00961635 0.00776192 0.00228719
2 0.00145329 0.969052 0.00239256 0.00101384 0.00102383 0.0108548 0.000872291 0.00156147 0.00186768 0.00568601 0.00422232
2 0.00130285 0.975033 0.00188678 0.000744324 0.000902006 0.00954635 0.000703687 0.0013669 0.00159916 0.0040489 0.00286569
2 0.00145384 0.977145 0.00212232 0.000751676 0.00098332 0.00747785 0.000637289 0.00156482 0.00164757 0.00465046 0.00156543
2 0.0021187 0.956339 0.00289974 0.00218356 0.00172345 0.00818079 0.00181141 0.00208677 0.00313889 0.0140096 0.00550808
2 0.00175198 0.960808 0.00325581 0.00116403 0.00128252 0.01289 0.000983733 0.00172756 0.00251504 0.0088702 0.00475139
2 0.00152479 0.952956 0.00577191 0.00130812 0.00150912 0.0101773 0.00110852 0.00203093 0.00283231 0.0124393 0.0083422
2 0.000998968 0.976713 0.0049067 0.00085794 0.000734402 0.00379206 0.00105927 0.00113521 0.00141828 0.00273667 0.00564704
2 0.000943805 0.984434 0.00424504 0.000536943 0.000530073 0.00283978 0.000689349 0.000979633 0.00095936 0.00133078 0.00251107
2 0.00118192 0.982016 0.00616419 0.000457087 0.000584825 0.00370685 0.000374644 0.00133167 0.000892717 0.00185148 0.00143826
2 0.00144756 0.971496 0.00406881 0.00083256 0.000728667 0.0044916 0.000654029 0.00244219 0.00266685 0.00678837 0.00438292
2 0.000858957 0.97863 0.00172397 0.000503871 0.000536956 0.00564728 0.000496546 0.00127109 0.00115003 0.00346656 0.00571471
2 0.00107877 0.978669 0.00265193 0.000542318 0.000582039 0.00772198 0.000399785 0.00134124 0.000989768 0.00254187 0.00348126
2 0.00170675 0.880413 0.00689411 0.000556261 0.00142723 0.0986083 0.00058165 0.00113153 0.00128893 0.00494394 0.00244822
2 0.00306383 0.832431 0.0109389 0.000579684 0.00192538 0.134455 0.000489301 0.00215316 0.00228103 0.00779108 0.0038923
2 0.00153776 0.819312 0.00646106 0.00060444 0.00165879 0.158398 0.000727561 0.000899184 0.00119745 0.00633721 0.00286594
2 0.0012831 0.964588 0.00286035 0.00213708 0.00208895 0.00426845 0.00144436 0.00213026 0.00225663 0.0102255 0.00671717
2 0.00149319 0.962481 0.00367348 0.00192986 0.00251055 0.00421285 0.00108652 0.00267545 0.0024336 0.0102423 0.0072617
2 0.000947556 0.982684 0.0012203 0.000549156 0.000522312 0.00636082 0.000599388 0.00109175 0.00112589 0.00249742 0.00240111
2 0.000940315 0.981998 0.00103095 0.000508505 0.000546317 0.0077854 0.000607527 0.0011327 0.00110123 0.00257532 0.00177369
2 0.00078421 0.988982 0.00161409 0.000415746 0.00043605 0.00349852 0.000447708 0.000911785 0.000721577 0.00139319 0.00079522
2 0.000904264 0.981617 0.00162229 0.000560377 0.000527618 0.00663309 0.000591449 0.00105287 0.00113571 0.00290467 0.00245081
2 0.00100796 0.975403 0.00282469 0.000683177 0.000683941 0.0058894 0.000794965 0.00155205 0.00177871 0.00506886 0.00431315
2 0.00085795 0.9814 0.00337559 0.000605833 0.000467817 0.00409279 0.00102704 0.00115354 0.00127555 0.00194252 0.00380144
2 0.000826133 0.989109 0.00206318 0.00036987 0.000355479 0.00243229 0.000518599 0.000901186 0.000769713 0.000897217 0.00175782
2 0.00121671 0.967402 0.00867734 0.000701514 0.00111893 0.00246107 0.000551352 0.00291536 0.00142287 0.00852969 0.00500279
2 0.000715214 0.990011 0.00148424 0.000443581 0.000513645 0.00154989 0.000423598 0.000806759 0.000831488 0.00227278 0.000947594
2 0.00144522 0.908587 0.0675723 0.000704564 0.00122201 0.00564268 0.000569314 0.00313686 0.0012192 0.00349925 0.00640126
2 0.00199625 0.895365 0.0771116 0.00170753 0.00185987 0.00728963 0.00152682 0.00298666 0.00350342 0.00441982 0.00223362
2 0.00230176 0.910089 0.0570151 0.00161399 0.00698653 0.00224983 0.00148325 0.00509936 0.00751434 0.00295221 0.00269441
2 0.000756615 0.989077 0.00120545 0.000445641 0.000521947 0.00173512 0.000475934 0.000834375 0.000837858 0.00302842 0.00108174
2 0.00406771 0.603063 0.34609 0.00146057 0.00289413 0.0114837 0.00121302 0.00826659 0.00487477 0.0122084 0.00437814
2 0.000660999 0.991121 0.00139783 0.000314325 0.000442408 0.00170443 0.00033947 0.000633516 0.000690664 0.00188705 0.000807975
2 0.00139511 0.978448 0.00591601 0.00103098 0.000873623 0.0026829 0.000662016 0.00163476 0.00130411 0.00351178 0.0025403
2 0.00194194 0.949306 0.00294531 0.00282469 0.00178778 0.0111853 0.00268482 0.00191054 0.00276766 0.0152848 0.00736133
2 0.00145986 0.963397 0.00512217 0.00233735 0.00115495 0.00477156 0.00170469 0.001661 0.00227942 0.00695103 0.00916052
2 0.00269818 0.919257 0.0301501 0.00173549 0.00227614 0.0106007 0.0011311 0.00399286 0.00471775 0.0145458 0.00889524
2 0.00261732 0.908087 0.0168545 0.0018826 0.0025997 0.0109533 0.00138809 0.00460501 0.00557407 0.0301247 0.0153136
2 0.00100122 0.981615 0.00257478 0.000661517 0.000728692 0.00462019 0.000799641 0.00113435 0.00130309 0.00274272 0.00281922
2 0.00106894 0.985866 0.00161902 0.000421969 0.000556598 0.00470383 0.000445913 0.00119693 0.00107695 0.00162845 0.0014159
2 0.0013929 0.960517 0.0211474 0.000811683 0.000755903 0.00536863 0.000586802 0.00164351 0.0013273 0.00282656 0.00362232
2 0.00258213 0.912444 0.00249768 0.00315106 0.00233889 0.0196957 0.00314708 0.0029722 0.00516768 0.0334352 0.0125681
2 0.000720469 0.98034 0.00272617 0.000520351 0.000428279 0.00311116 0.00062242 0.00107039 0.00106041 0.00200076 0.00739993
2 0.000617888 0.980784 0.00459801 0.000553323 0.000378186 0.00179385 0.000676926 0.000827781 0.000708703 0.00125285 0.00780805
2 0.000595174 0.986997 0.00380644 0.000367549 0.00030638 0.00168104 0.000499232 0.000662097 0.000579169 0.000901355 0.00360481
2 0.000563414 0.990484 0.00264049 0.000283475 0.000274178 0.00180249 0.000307176 0.00059352 0.000433533 0.00075651 0.00186131
2 0.000684607 0.986765 0.00220044 0.000415674 0.000368751 0.00219912 0.000417252 0.000801101 0.000722532 0.00137685 0.00404832
2 0.000738357 0.984173 0.00202135 0.000541817 0.000487292 0.00306631 0.000539059 0.00085917 0.000959764 0.00253236 0.00408142
2 0.000913532 0.979997 0.00305148 0.000712733 0.000594624 0.00209707 0.000612415 0.00125906 0.00136344 0.00362503 0.00577381
2 0.00241649 0.831221 0.0634996 0.00325464 0.0029897 0.00461815 0.00218167 0.0103485 0.00708067 0.0269256 0.045464
7 0.00703415 0.126168 0.0185346 0.126951 0.0431108 0.0363396 0.542274 0.0104487 0.0221255 0.0278958 0.0391183
7 0.0119121 0.191883 0.0364187 0.197013 0.0783582 0.0407416 0.283494 0.0207053 0.0361759 0.0355167 0.067781
4 0.0148301 0.207258 0.045963 0.24217 0.101097 0.0468995 0.143077 0.0264525 0.0372071 0.0407209 0.0943242
2 0.00120934 0.94031 0.0148462 0.00104175 0.000888666 0.00438666 0.000972481 0.00287319 0.00228769 0.00526503 0.0259187
2 0.000874463 0.95983 0.0225671 0.000575461 0.000800815 0.00576236 0.000470101 0.00125044 0.000836735 0.00269252 0.00434036
3 0.00434413 0.268586 0.678287 0.00293548 0.00957193 0.00713997 0.00187073 0.00916429 0.00690184 0.00963611 0.00156255
2 0.00093428 0.972271 0.00582862 0.0009952 0.00137022 0.00342862 0.000714309 0.00129135 0.00106513 0.00370389 0.00839708
2 0.00138712 0.592858 0.00402893 0.00079054 0.00158949 0.384977 0.00116173 0.00085617 0.00101693 0.00620265 0.00513138
2 0.00161181 0.949173 0.00222333 0.00232017 0.00198756 0.012088 0.00205912 0.00220781 0.00281419 0.0142415 0.00927393
2 0.00171494 0.957122 0.00306924 0.00163635 0.00247822 0.00673349 0.00122348 0.00253553 0.00303892 0.0156425 0.00480522
2 0.0014543 0.967073 0.00408148 0.00125607 0.00185845 0.00400845 0.000715785 0.00258377 0.00188697 0.00650714 0.00857494
2 0.00211503 0.945386 0.00986801 0.00072164 0.00326954 0.0243983 0.000913406 0.00139883 0.0015293 0.00694567 0.00345459
2 0.00129734 0.968562 0.00299017 0.00103885 0.00118596 0.00673338 0.000602216 0.00156947 0.00143795 0.00592025 0.00866224
2 0.0011246 0.935196 0.0417916 0.000899542 0.00146781 0.0057075 0.00047416 0.00169468 0.00120976 0.00338119 0.00705305
2 0.00183229 0.954142 0.00857149 0.00178913 0.00586583 0.00398002 0.00104786 0.00255532 0.00295645 0.0114264 0.00583363
2 0.00129844 0.964683 0.00590783 0.00179978 0.00273168 0.00422864 0.00113459 0.00241766 0.00172002 0.0052027 0.00887568
2 0.00252453 0.946684 0.0179435 0.000715254 0.00473705 0.0129416 0.000959729 0.00160207 0.00207201 0.00747278 0.00234719
2 0.0013427 0.965046 0.00476672 0.00194214 0.00288159 0.00325809 0.00104983 0.00206917 0.00195643 0.00800077 0.00768612
2 0.00222397 0.944064 0.0154882 0.00180755 0.00540148 0.00368949 0.000841736 0.00331156 0.00316 0.0133152 0.00669652
2 0.00303432 0.848989 0.089625 0.00237922 0.0190403 0.00480209 0.00119802 0.00618133 0.00353732 0.0132867 0.00792684
2 0.00247544 0.945166 0.00524248 0.0025834 0.00612999 0.0077638 0.00212194 0.00303223 0.00363344 0.0143182 0.00753315
2 0.00176995 0.958226 0.00840517 0.000946179 0.00377156 0.0144458 0.00145251 0.00114189 0.00142105 0.00461454 0.00380512
2 0.00136773 0.980285 0.00113312 0.000987986 0.000841243 0.00218746 0.000869163 0.00222235 0.00209649 0.00497558 0.0030335
2 0.000770335 0.967657 0.0137379 0.00149775 0.000614964 0.00398324 0.00110504 0.00087458 0.000830406 0.00209143 0.00683754
2 0.00083738 0.982438 0.00136628 0.00110739 0.000562473 0.0028372 0.00123429 0.00117666 0.00117001 0.00320399 0.00406635
2 0.00166927 0.719457 0.247206 0.000969786 0.000928429 0.0135635 0.00103861 0.00390979 0.00187626 0.00365261 0.00572873
2 0.00151213 0.956242 0.00832961 0.000922703 0.00109863 0.0055673 0.000818779 0.00334449 0.00285425 0.0121373 0.0071725
2 0.000915691 0.983772 0.00159267 0.000454463 0.000500917 0.0057031 0.00065607 0.00120899 0.00119125 0.00219303 0.00181182
2 0.000892474 0.988959 0.000967039 0.000335944 0.000397642 0.00381126 0.000367398 0.00111508 0.000805178 0.00129459 0.00105459
2 0.00175686 0.942497 0.00168368 0.0021456 0.00153143 0.0171239 0.00321064 0.00260844 0.00310155 0.0165659 0.00777526
2 0.000724131 0.916655 0.00942603 0.00211794 0.000826237 0.00304736 0.00415124 0.00177391 0.00147825 0.00191027 0.0578898
2 0.000972411 0.868988 0.0172744 0.00360627 0.00110233 0.00376754 0.0119986 0.00250775 0.0021264 0.00223565 0.085421
2 0.000591425 0.980583 0.00372747 0.000664471 0.000342522 0.00248447 0.00133415 0.000800829 0.000594629 0.000809902 0.00806681
2 0.000623704 0.989662 0.00139289 0.000360013 0.000302525 0.00204603 0.000448762 0.000780022 0.00062236 0.000966573 0.00279527
2 0.00050947 0.978564 0.0092613 0.0003303 0.00028193 0.00355696 0.000424691 0.000645597 0.000598479 0.000702708 0.00512479
2 0.000634882 0.984668 0.00299657 0.000619594 0.000403723 0.0014013 0.00075828 0.00115568 0.000927844 0.00170235 0.00473168
2 0.00210246 0.661432 0.0985829 0.00958522 0.00542396 0.00360289 0.00897981 0.0154403 0.00812011 0.0125811 0.17415
2 0.00242197 0.960317 0.00335469 0.00203084 0.00252895 0.00804677 0.00229035 0.00355688 0.00352411 0.00757528 0.0043534
2 0.000693528 0.991838 0.000761454 0.000282932 0.000397252 0.00141325 0.000293239 0.000739423 0.000665791 0.00218506 0.000730088
2 0.00202604 0.924503 0.0445215 0.00103387 0.00175845 0.0121593 0.00144458 0.00259393 0.00502137 0.00348355 0.0014547
2 0.00067895 0.98917 0.00140375 0.000395387 0.000361604 0.00194952 0.0005771 0.000971272 0.000821261 0.00169153 0.00197945
2 0.00110368 0.982406 0.0010415 0.00038225 0.000706111 0.00819327 0.000386905 0.00123217 0.00117747 0.00284038 0.000529794
2 0.0021464 0.922334 0.0196022 0.000750811 0.00139707 0.0437694 0.000954148 0.00141153 0.00298631 0.002841 0.00180683
2 0.00266592 0.95983 0.0050752 0.00173836 0.00269493 0.00841384 0.00162337 0.00287929 0.00363464 0.0091998 0.00224421
2 0.00314965 0.711064 0.216702 0.00342546 0.00283094 0.0294353 0.00374584 0.00468833 0.012323 0.0108336 0.00180176
2 0.00140371 0.977089 0.00343963 0.00102863 0.00153455 0.00415984 0.00105962 0.00150021 0.00205507 0.00514687 0.00158304
2 0.00845085 0.89606 0.0225577 0.00284499 0.00659462 0.0140159 0.00230312 0.0112962 0.0129951 0.0198669 0.0030149
2 0.00127604 0.977661 0.00382531 0.000848787 0.00121643 0.00421716 0.000743401 0.00168135 0.00221903 0.0050688 0.00124253
2 0.00197794 0.949489 0.0161471 0.00120954 0.00202873 0.00616452 0.00088309 0.00343576 0.00329806 0.0128505 0.00251603
2 0.00382705 0.83726 0.0309384 0.00257839 0.00253675 0.0815378 0.00302675 0.00387257 0.012612 0.01962 0.0021906
2 0.000894111 0.983923 0.00289932 0.000624707 0.000672299 0.00182857 0.000623007 0.00128204 0.00142544 0.00429733 0.00153002
3 0.00355316 0.0170078 0.921876 0.00749174 0.00490007 0.00306955 0.0071005 0.00647229 0.0135294 0.0102892 0.00471004
3 0.00490733 0.0114195 0.927658 0.0031586 0.00753039 0.00298009 0.00391375 0.010859 0.0157499 0.00855426 0.00326921
3 0.00243696 0.0227972 0.949453 0.00134764 0.00190026 0.00411322 0.00252361 0.00256799 0.00494748 0.00470404 0.00320819
3 0.00145893 0.030964 0.953862 0.000654423 0.000740923 0.00462401 0.000870307 0.00123595 0.00160092 0.00200444 0.00198435
3 0.00139641 0.00469132 0.981645 0.0010427 0.000770192 0.00127468 0.00106741 0.00202602 0.0022121 0.00212234 0.00175162
3 0.00420318 0.0118962 0.936969 0.00298155 0.00575264 0.00253031 0.00366387 0.00935837 0.0119302 0.00777042 0.00294432
3 0.00531144 0.00927571 0.934277 0.00251635 0.00698653 0.00263757 0.0033313 0.0101757 0.0144442 0.00798168 0.00306296
3 0.0026806 0.00883079 0.961779 0.00146249 0.00233999 0.00207668 0.00256684 0.00397691 0.00697151 0.00475629 0.00255888
3 0.000984734 0.0243933 0.961466 0.000827282 0.000706178 0.00281639 0.00123153 0.00107243 0.00148787 0.0020972 0.00291679
3 0.00207286 0.0311352 0.939713 0.00189969 0.00154703 0.00229975 0.00124517 0.0048047 0.00504694 0.00628507 0.00395034
3 0.00185119 0.00761768 0.970041 0.00134905 0.00136529 0.00105725 0.00070508 0.00543696 0.00427377 0.00409776 0.00220533
3 0.0022693 0.00752937 0.961842 0.00143262 0.00194609 0.00106694 0.000725092 0.0112063 0.00533066 0.00453801 0.00211338
3 0.00210764 0.0250888 0.947217 0.00111544 0.00151946 0.00293796 0.000821264 0.00687732 0.00706048 0.00440327 0.000851412
3 0.00202866 0.00580298 0.976001 0.000799008 0.000847013 0.00119784 0.000710163 0.00501211 0.00316191 0.0025781 0.00186083
3 0.00123978 0.00786823 0.976927 0.000769642 0.000838164 0.00174395 0.00074925 0.00356957 0.00207783 0.00215743 0.00205911
3 0.00250168 0.0554499 0.904275 0.00223646 0.00302782 0.00268958 0.001131 0.00917181 0.0051478 0.00825432 0.00611418
3 0.00147718 0.010276 0.968062 0.00182145 0.00152954 0.00105458 0.000938069 0.0050089 0.00378603 0.0034479 0.00259807
3 0.00280528 0.0103117 0.946475 0.0029043 0.00267057 0.000883318 0.00120226 0.0166335 0.00722879 0.00531502 0.00357024
3 0.00200222 0.0165479 0.935755 0.00691512 0.00357667 0.00244896 0.00794881 0.00516363 0.0073774 0.00793022 0.00433449
3 0.00228466 0.00864645 0.955804 0.00193855 0.00319149 0.00181124 0.00313813 0.00773935 0.00790143 0.00527913 0.00226568
3 0.00152997 0.0256899 0.952347 0.00120981 0.0012739 0.00351217 0.00236956 0.0021736 0.00296493 0.00401421 0.00291485
3 0.00112022 0.0597247 0.924814 0.000707937 0.000662092 0.00519091 0.000993374 0.00127851 0.00124324 0.00200584 0.00225927
3 0.000724595 0.00443938 0.985876 0.000899114 0.000527586 0.000991015 0.00100224 0.00151168 0.00122608 0.00142557 0.00137626
3 0.00215759 0.00877097 0.956219 0.00212682 0.00302609 0.00165828 0.00344674 0.00818815 0.00711403 0.00508563 0.00220702
3 0.00304632 0.00837012 0.946663 0.00223545 0.00437829 0.0019611 0.00367556 0.0106124 0.0096252 0.00664697 0.0027852
3 0.00154348 0.00859369 0.969628 0.00126252 0.00146966 0.0017133 0.00235593 0.00350134 0.0037965 0.00399167 0.00214347
3 0.000825856 0.0634646 0.91957 0.00106625 0.000725076 0.00357258 0.00175741 0.0013264 0.00131745 0.00219416 0.00418002
3 0.000502356 0.0204878 0.97098 0.000593096 0.00058471 0.00179109 0.000738051 0.00121093 0.000744292 0.000954861 0.00141295
3 0.00450552 0.0266853 0.922781 0.00317695 0.00162213 0.00400554 0.00238707 0.00665547 0.0219828 0.00417949 0.002019
3 0.045109 0.0713721 0.357892 0.0166162 0.0334294 0.104778 0.0278263 0.101861 0.0465962 0.06624 0.128279
3 0.00537183 0.0304901 0.886001 0.00318348 0.00615412 0.00655908 0.00296337 0.0402608 0.00441886 0.00672759 0.00786957
3 0.000659248 0.0109215 0.978892 0.000814871 0.000563207 0.00151849 0.000899048 0.000957455 0.0010408 0.00127595 0.00245762
3 0.000568711 0.00574542 0.981463 0.00171641 0.00103191 0.00117084 0.00118821 0.00231472 0.00132357 0.00127434 0.00220271
3 0.00125889 0.00880248 0.969319 0.00250702 0.00175626 0.00106389 0.00246493 0.00407033 0.00258992 0.00236828 0.00379867
3 0.00425375 0.0139455 0.940725 0.00167725 0.00305529 0.00957026 0.00183425 0.0115103 0.00500042 0.003615 0.00481258
3 0.0075157 0.0215703 0.909723 0.00220159 0.00466845 0.00953317 0.00191644 0.0182683 0.00733762 0.00627235 0.0109933
3 0.00173032 0.00515204 0.976548 0.00103436 0.00144295 0.0014408 0.00163869 0.0031466 0.00317367 0.00292739 0.00176492
3 0.00259154 0.00820274 0.963364 0.00159389 0.0024529 0.00182874 0.00220111 0.00392792 0.00589204 0.00526978 0.00267559
3 0.00238263 0.0113281 0.960796 0.00156964 0.00211829 0.00226249 0.0021148 0.00336526 0.0057804 0.00558406 0.00269844
3 0.00160692 0.0068285 0.974755 0.00118385 0.00140648 0.00168084 0.00147182 0.00208705 0.00339316 0.00353781 0.00204856
3 0.0019834 0.0122225 0.971944 0.000891074 0.000848182 0.00463769 0.000685357 0.00153418 0.00233064 0.00250585 0.000417051
3 0.00112497 0.0141158 0.975071 0.000666322 0.000532743 0.00357753 0.000510319 0.00102358 0.00127991 0.00171085 0.000386817
3 0.00608981 0.0243248 0.906255 0.00280045 0.00870622 0.00698223 0.00357792 0.00993575 0.0177112 0.0102013 0.00341485
3 0.00745242 0.0245357 0.905067 0.00315878 0.00873602 0.00570313 0.0041011 0.0104159 0.0175561 0.010036 0.00323773
3 0.00623717 0.014398 0.93294 0.00211935 0.00416318 0.00518885 0.00162823 0.00806367 0.0158821 0.00821576 0.00116333
3 0.00734289 0.0144155 0.92662 0.00191858 0.00414323 0.00586171 0.00151086 0.0105382 0.0174956 0.0090471 0.00110601
3 0.00350649 0.0380857 0.91687 0.00144454 0.00353835 0.00285168 0.00106823 0.0132429 0.0124518 0.00578306 0.00115768
3 0.00265045 0.0305425 0.931279 0.00295057 0.0050251 0.00146789 0.00117267 0.0115415 0.00444542 0.00445976 0.00446491
3 0.00235313 0.00679719 0.964718 0.000939614 0.00186051 0.00131012 0.000623316 0.0121251 0.00465521 0.00304323 0.0015742
3 0.0030818 0.0127013 0.955484 0.00155362 0.00215715 0.00191661 0.000775653 0.010825 0.00321831 0.00436431 0.00392181
3 0.00245395 0.229926 0.731392 0.00283764 0.00443868 0.00705067 0.00162546 0.0041265 0.00600478 0.00621295 0.00393098
3 0.00483753 0.0405616 0.879778 0.00238171 0.00483671 0.00412303 0.00139521 0.0260594 0.0247301 0.00938153 0.00191542
3 0.00341436 0.025586 0.928073 0.00223944 0.00283613 0.00282875 0.00108879 0.0152632 0.00504298 0.00575476 0.00787222
3 0.00241215 0.0158049 0.958118 0.00162941 0.00183107 0.00167124 0.000849779 0.0070531 0.00346799 0.00346003 0.00370199
3 0.00134143 0.0223396 0.958476 0.00116073 0.00101881 0.00199478 0.000842458 0.00453799 0.00230814 0.00211164 0.00386837
3 0.00128871 0.0180479 0.962818 0.00161742 0.00114619 0.00143085 0.00106496 0.00445236 0.00241181 0.00240146 0.0033207
3 0.00169886 0.19857 0.773338 0.00167436 0.00182538 0.00377861 0.0012327 0.00388207 0.00268172 0.00396961 0.00734871
3 0.00138756 0.0153996 0.965828 0.00115857 0.00109428 0.00219281 0.000859451 0.00436615 0.00194748 0.00254567 0.00322026
3 0.00202447 0.016494 0.959602 0.00152319 0.00210485 0.00152083 0.000782889 0.00638566 0.0028 0.00355856 0.0032039
3 0.00257148 0.0497546 0.92285 0.00143975 0.0016409 0.00543317 0.00106411 0.00375748 0.00681091 0.00345614 0.00122093
3 0.00223605 0.00944229 0.964659 0.00114735 0.00104556 0.00134298 0.000744645 0.00961694 0.00413111 0.00303081 0.00260309
3 0.00206764 0.0121727 0.964988 0.00102538 0.00115963 0.00176116 0.000727532 0.00755608 0.0030165 0.00277498 0.00275011
3 0.00367374 0.147523 0.808683 0.00285664 0.0045114 0.00610773 0.00172995 0.00523068 0.0102395 0.00617331 0.00327168
3 0.00291427 0.0208613 0.942562 0.0016297 0.0016489 0.00329299 0.00107229 0.00797181 0.0128182 0.00416925 0.00105971
3 0.00202083 0.0127 0.960446 0.00117099 0.00160791 0.0023472 0.000790838 0.00953888 0.00285451 0.00316615 0.00335624
3 0.00236855 0.0169711 0.94461 0.00160188 0.00169322 0.00295791 0.00139031 0.0120294 0.00565725 0.0044614 0.00625883
3 0.00535594 0.0185197 0.922167 0.00224193 0.00200186 0.00413771 0.00140294 0.0122244 0.0259796 0.00470415 0.00126453
3 0.000513328 0.0234682 0.962264 0.00141582 0.000666121 0.00190194 0.00214044 0.00142157 0.000851331 0.00124361 0.00411373
3 0.000829602 0.031183 0.938478 0.00401912 0.0021622 0.00384805 0.00419747 0.00429701 0.00175888 0.00177083 0.00745612
3 0.00115835 0.0279268 0.937654 0.0052258 0.00330602 0.00199864 0.00513323 0.00591866 0.00190442 0.00277991 0.00699364
3 0.000869412 0.00435283 0.98174 0.00102107 0.000933975 0.0010382 0.00179715 0.0026797 0.00191429 0.0019897 0.00166334
3 0.00142519 0.00736453 0.972788 0.00124845 0.00136343 0.00145423 0.00199179 0.00303037 0.00321418 0.00389932 0.00222056
3 0.00145152 0.0117898 0.96721 0.00133151 0.00131433 0.00198306 0.00228416 0.00263656 0.00323627 0.00425393 0.00250902
3 0.00100016 0.00880865 0.976593 0.00103865 0.000925772 0.00146782 0.00144553 0.00182635 0.00204292 0.0029732 0.0018784
3 0.00145593 0.0181726 0.968226 0.00050848 0.000532494 0.0062639 0.000501641 0.00123018 0.00130587 0.00151845 0.000284517
3 0.00088309 0.030839 0.959699 0.000364239 0.000390828 0.00460105 0.000373722 0.000880986 0.000691557 0.000976048 0.000300031
3 0.00284585 0.0203793 0.93742 0.00191458 0.00427379 0.00487283 0.00303852 0.00736272 0.00877846 0.00658599 0.00252753
3 0.00375674 0.0181105 0.939597 0.0020982 0.00461201 0.00389689 0.00295873 0.00735639 0.00860101 0.00675322 0.0022589
3 0.00337667 0.0152223 0.953448 0.00126102 0.00208739 0.00642339 0.00110777 0.00378148 0.0077084 0.0048162 0.000767519
3 0.00429669 0.013266 0.9468 0.0011964 0.00234908 0.00620937 0.00106277 0.00736897 0.0111192 0.00564127 0.000689989
3 0.000619118 0.00664002 0.984376 0.000548548 0.000682415 0.00104338 0.000663978 0.00192061 0.00121142 0.00141358 0.000881044
3 0.000772276 0.0155563 0.966798 0.0010395 0.00102762 0.00263806 0.0021053 0.00371482 0.00193453 0.00180025 0.00261292
3 0.00210246 0.0142705 0.964059 0.00129564 0.000832999 0.00254847 0.00125641 0.00331241 0.0077865 0.00176339 0.000771812
3 0.000612618 0.0130437 0.978988 0.00037632 0.000478723 0.00158761 0.000449564 0.00118423 0.00114684 0.00145711 0.000675567
3 0.00375532 0.0311515 0.932853 0.00119394 0.00277743 0.00465626 0.00139223 0.00472649 0.00920011 0.00664319 0.0016504
3 0.0068292 0.0348667 0.896307 0.00318211 0.00500914 0.0105688 0.00262507 0.00771666 0.0180841 0.0130672 0.00174411
3 0.00247848 0.0159624 0.958458 0.00149787 0.00132502 0.00513445 0.0012307 0.00273769 0.00648386 0.00392703 0.000764174
3 0.00079987 0.031015 0.95542 0.0008453 0.000888653 0.00188123 0.00108836 0.00263549 0.00151776 0.00205634 0.00185199
3 0.0018071 0.191221 0.757299 0.00312144 0.00402166 0.00822763 0.00421511 0.00816221 0.00259027 0.00330734 0.0160275
3 0.0210565 0.0142943 0.815868 0.00303929 0.00262698 0.00339163 0.0023408 0.0595566 0.0713389 0.00433687 0.00215039
3 0.000714294 0.0204791 0.960565 0.00135955 0.00104166 0.00289702 0.00268757 0.00324294 0.00162616 0.00163439 0.00375258
3 0.00382251 0.0248268 0.934037 0.00110888 0.000989823 0.00308452 0.00117531 0.0105255 0.0178136 0.00188092 0.00073536
3 0.00231259 0.0421844 0.929901 0.0019441 0.0027403 0.00282226 0.0015452 0.00659783 0.00174412 0.00322094 0.00498704
2 0.00229062 0.929136 0.0233895 0.00365571 0.00832561 0.0130695 0.00775962 0.00197225 0.00223167 0.00373095 0.00443877
3 0.0010196 0.0170492 0.970044 0.000518197 0.000868938 0.00258355 0.00071315 0.00161028 0.00220691 0.00253392 0.000851991
3 0.00181765 0.0111281 0.959585 0.00101373 0.00225165 0.00247097 0.00166346 0.00538644 0.00924947 0.00433663 0.00109719
3 0.00281327 0.00910319 0.958158 0.00184391 0.00130981 0.00271936 0.00157932 0.00545288 0.0130916 0.00296891 0.000959327
3 0.0012764 0.0255851 0.95767 0.000694754 0.00109767 0.00339668 0.0010491 0.00187638 0.00274697 0.00330196 0.00130539
3 0.00138756 0.0153996 0.965828 0.00115857 0.00109428 0.00219281 0.000859451 0.00436615 0.00194748 0.00254567 0.00322026
3 0.00210246 0.0142705 0.964059 0.00129564 0.000832999 0.00254847 0.00125641 0.00331241 0.0077865 0.00176339 0.000771812
4 0.00521557 0.00813714 0.00578774 0.911271 0.0156364 0.00317637 0.0146991 0.00485874 0.00893964 0.0159173 0.00636078
4 0.00444634 0.00626844 0.00386258 0.924742 0.0108193 0.00288498 0.0143193 0.00370425 0.00748149 0.0165941 0.00487762
4 0.00268897 0.0033071 0.0027057 0.955293 0.00648668 0.00169261 0.00985575 0.00271897 0.00345126 0.00866467 0.00313509
4 0.00211382 0.00192573 0.00212571 0.964106 0.00569295 0.00107842 0.009346 0.00266609 0.00222975 0.00630975 0.00240532
4 0.00165744 0.00341968 0.00288645 0.956672 0.00413512 0.0011917 0.0211802 0.00213599 0.0017006 0.00343307 0.00158745
4 0.00272427 0.00425672 0.00337993 0.938735 0.0094684 0.00182203 0.0205521 0.00272306 0.00411143 0.00848558 0.00374136
4 0.00595712 0.00842468 0.00572405 0.899952 0.0149406 0.00330761 0.0183972 0.00506469 0.0122032 0.0189339 0.00709513
4 0.000977033 0.00147078 0.00116891 0.97699 0.00193063 0.000576262 0.00733861 0.00118382 0.00134721 0.00316755 0.00384914
4 0.00102168 0.00111619 0.00100763 0.985473 0.0013454 0.000441128 0.00272467 0.00148808 0.0011716 0.00228693 0.00192363
4 0.00172384 0.00136639 0.000989004 0.974814 0.00301369 0.00065107 0.00351259 0.00207295 0.00385967 0.0051598 0.0028374
4 0.0048009 0.0284457 0.0182319 0.656645 0.0391543 0.00681475 0.0374963 0.00924719 0.0471638 0.143998 0.00800299
4 0.00152145 0.00226537 0.00120504 0.95493 0.00349699 0.00163262 0.0117767 0.00137545 0.00189134 0.00870645 0.0111986
4 0.00111705 0.00197607 0.000983161 0.967854 0.00219549 0.00107276 0.00874226 0.00119086 0.00126983 0.00563335 0.00796472
4 0.000742085 0.00176834 0.000897866 0.97599 0.00148648 0.000670624 0.00850015 0.00104203 0.000933638 0.00362561 0.004343
4 0.00138888 0.00183372 0.000940661 0.96717 0.00311945 0.00147331 0.00735733 0.00114839 0.00153554 0.00810315 0.00592961
4 0.00155424 0.00263806 0.000992327 0.955564 0.00452809 0.00132437 0.00841248 0.00184544 0.00312298 0.00957557 0.0104424
4 0.00176368 0.00259523 0.00177068 0.964974 0.00448546 0.00129095 0.0109032 0.0015721 0.00232112 0.0060183 0.00230571
4 0.00213392 0.0028402 0.00166399 0.959645 0.00501667 0.00147489 0.0116166 0.00167921 0.0032994 0.00811652 0.00251331
4 0.00168544 0.00226427 0.00195278 0.961661 0.00380753 0.00106484 0.0158432 0.00189856 0.00224928 0.00521787 0.00235544
4 0.00163827 0.00168426 0.00186362 0.967236 0.00376859 0.000770717 0.0128728 0.00228322 0.00160524 0.00404678 0.00223064
4 0.00110609 0.00257732 0.00211259 0.950369 0.00340999 0.000756539 0.0338297 0.00147306 0.00120847 0.00200677 0.00115046
4 0.0015 0.00248081 0.00209439 0.95754 0.00492142 0.00102943 0.0207772 0.00153416 0.00193469 0.00412782 0.00205982
4 0.00281806 0.0037524 0.00250811 0.951856 0.00649798 0.0015749 0.0114233 0.00231098 0.00509084 0.0084285 0.0037386
4 0.00385828 0.00825758 0.00331439 0.935093 0.00503002 0.00237109 0.00982834 0.00354899 0.00616103 0.0130488 0.00948862
4 0.00199428 0.00410865 0.00180451 0.966911 0.00239477 0.00146327 0.00681657 0.00178094 0.00259844 0.00653142 0.00359586
4 0.00159786 0.00534992 0.00120599 0.926629 0.0193172 0.00155082 0.0228235 0.00233468 0.00829184 0.00693682 0.00396197
4 0.00365052 0.0135229 0.00306951 0.886247 0.0367077 0.00282168 0.0232949 0.00608629 0.0111988 0.00759786 0.00580292
4 0.00248816 0.00879356 0.00206668 0.866957 0.0602601 0.00197286 0.0255549 0.00442382 0.0115011 0.00891263 0.00706918
4 0.00165604 0.00208982 0.00170929 0.958956 0.00545879 0.0010262 0.0169694 0.00212432 0.00368317 0.00520759 0.00111906
4 0.00318432 0.00421756 0.0033816 0.934299 0.0104211 0.00203386 0.0166563 0.00380182 0.00838383 0.0110462 0.00257439
4 0.00363378 0.00332938 0.00278943 0.95019 0.0074424 0.00158763 0.0118506 0.00432285 0.00776719 0.00587066 0.00121647
