labels 0 1 2 3 4 5
0 0.919606 0.0205288 0.0248176 0.012267 0.0192887 0.00349176
0 0.867134 0.0267267 0.0351355 0.0239762 0.0393785 0.00764883
0 0.889937 0.028718 0.0284361 0.0176869 0.0300207 0.00520112
0 0.914854 0.0217748 0.0296983 0.0136776 0.0160298 0.00396528
0 0.91036 0.0209882 0.0326846 0.0148918 0.0168979 0.00417731
0 0.935796 0.0165051 0.023116 0.00930788 0.0116032 0.00367138
0 0.910711 0.0183804 0.0317757 0.0162619 0.0182442 0.00462719
0 0.859652 0.033748 0.0287338 0.0285482 0.0419658 0.00735212
0 0.814066 0.0424536 0.078293 0.0181274 0.0332527 0.0138071
0 0.909602 0.0210995 0.0312817 0.015149 0.018234 0.00463362
0 0.93232 0.015926 0.0252296 0.0101785 0.0127106 0.00363531
0 0.843146 0.0377713 0.0550876 0.02387 0.0340826 0.00604242
0 0.824147 0.0479862 0.0671729 0.0173558 0.0299825 0.0133555
0 0.900698 0.0394153 0.0261268 0.011275 0.0184458 0.00403882
0 0.891653 0.0237993 0.0278175 0.0228772 0.0277327 0.00612001
0 0.829649 0.0401973 0.0609804 0.0223103 0.0367712 0.0100918
0 0.833988 0.0404394 0.0605877 0.0215995 0.0340221 0.00936364
0 0.854508 0.0351638 0.0525803 0.0175343 0.0316332 0.00858016
0 0.844118 0.0367738 0.0569924 0.0192828 0.0336987 0.00913404
0 0.865258 0.0320311 0.0495979 0.0158894 0.0291347 0.00808902
0 0.853736 0.0360823 0.0290526 0.0277694 0.0423754 0.0109844
0 0.677778 0.047265 0.0325968 0.0698728 0.119797 0.0526899
0 0.591325 0.0847067 0.0796355 0.0818469 0.133956 0.0285303
0 0.769078 0.0809791 0.0545819 0.0285649 0.0469817 0.0198141
4 0.115248 0.211578 0.0851109 0.0663878 0.505474 0.0162002
0 0.893408 0.0314932 0.0288539 0.0181707 0.0236278 0.00444638
0 0.787661 0.0357518 0.0371585 0.0429431 0.0786122 0.0178737
0 0.88475 0.0230625 0.0262243 0.0254477 0.034996 0.00551953
0 0.855928 0.0313706 0.0374494 0.0282189 0.0387799 0.00825326
0 0.874259 0.0311125 0.0332797 0.0221358 0.0339412 0.00527163
1 0.0123663 0.83978 0.015271 0.0276818 0.0928462 0.0120552
1 0.018797 0.815086 0.0270955 0.0240649 0.10043 0.014526
1 0.0266122 0.630531 0.0895481 0.0821666 0.162841 0.00830049
1 0.0150099 0.834271 0.0336777 0.0281224 0.0813605 0.00755869
1 0.0258231 0.778342 0.0583395 0.0342224 0.0945688 0.00870471
1 0.037524 0.77689 0.0230334 0.0307803 0.102842 0.0289303
1 0.00902375 0.873625 0.0148015 0.0241515 0.0723242 0.00607422
1 0.00806066 0.82097 0.0472588 0.0349039 0.078231 0.0105761
1 0.0267078 0.648164 0.132092 0.0750964 0.103682 0.0142577
1 0.0119796 0.730321 0.0466793 0.0598144 0.132478 0.018728
1 0.0095263 0.721915 0.0437092 0.0752042 0.130094 0.0195506
1 0.0104275 0.486934 0.0752817 0.151699 0.248198 0.0274593
1 0.0114156 0.710416 0.0504489 0.121684 0.0908776 0.0151579
2 0.0107473 0.366181 0.422338 0.0696977 0.0970409 0.0339956
1 0.0200284 0.816765 0.0348854 0.0259089 0.0860919 0.0163203
1 0.0262693 0.784321 0.0361784 0.0412945 0.0951469 0.01679
1 0.0122357 0.619691 0.0719093 0.144615 0.128728 0.0228201
1 0.0122739 0.797065 0.0291119 0.0508198 0.0942812 0.0164478
1 0.0517145 0.524129 0.132637 0.0710493 0.207215 0.0132542
4 0.141452 0.222948 0.0958281 0.0507703 0.475406 0.013596
1 0.00787963 0.820737 0.0195709 0.0400634 0.101222 0.0105271
1 0.0129077 0.836869 0.02509 0.037702 0.0783098 0.00912112
1 0.0133569 0.826827 0.0258957 0.029065 0.096395 0.00846037
1 0.00838401 0.821632 0.0189271 0.04574 0.0994374 0.00587973
1 0.0136381 0.689426 0.0797467 0.0609722 0.146423 0.00979393
1 0.0222292 0.813747 0.0457525 0.0355477 0.074046 0.0086771
1 0.0121967 0.656731 0.0328223 0.0711639 0.188421 0.0386652
1 0.00491353 0.823519 0.0272202 0.0313947 0.100802 0.012151
1 0.012095 0.747882 0.0305424 0.0564246 0.136396 0.0166609
1 0.0110369 0.857589 0.0122161 0.0290009 0.0781636 0.0119935
2 0.015355 0.0432747 0.85553 0.0317939 0.0463653 0.00768145
2 0.0118048 0.0320167 0.873172 0.0344382 0.0344185 0.0141496
2 0.012158 0.0444509 0.858905 0.0334333 0.0381945 0.0128587
2 0.025308 0.076335 0.823572 0.0229266 0.0449656 0.00689235
2 0.0111808 0.0388326 0.863855 0.0324697 0.0339416 0.0197203
2 0.00746463 0.0381322 0.865119 0.0290291 0.0410619 0.0191934
2 0.00926214 0.0303164 0.879878 0.0279134 0.0295504 0.0230801
2 0.0134886 0.0922344 0.748883 0.0361081 0.0935223 0.0157634
2 0.00594392 0.0346679 0.87466 0.0297677 0.0405592 0.0144009
2 0.00990205 0.0231661 0.897108 0.0204641 0.0249052 0.0244548
2 0.00926529 0.0282754 0.873859 0.038345 0.0316511 0.0186047
0 0.815912 0.0366369 0.0923082 0.0143921 0.0332397 0.00751089
2 0.0086769 0.048933 0.78195 0.107104 0.0402793 0.0130562
2 0.0108715 0.0239115 0.533469 0.30523 0.0798967 0.0466217
2 0.00572765 0.0365528 0.877895 0.0279388 0.0299877 0.0218979
2 0.0114339 0.0572037 0.846475 0.0223965 0.0570044 0.00548616
2 0.0091484 0.0342238 0.868309 0.0374852 0.033338 0.017496
2 0.00760183 0.152997 0.707631 0.0417256 0.0775298 0.012515
2 0.00924891 0.0341432 0.871492 0.0331703 0.0373222 0.0146235
2 0.00906014 0.0322869 0.871046 0.0317824 0.0394235 0.0164008
2 0.00890166 0.0279087 0.781919 0.0937109 0.0649979 0.0225616
2 0.0091313 0.0311527 0.872208 0.0317287 0.0372394 0.0185404
2 0.00930953 0.0307315 0.873791 0.0324182 0.0362086 0.0175411
2 0.0213624 0.107463 0.755966 0.0350356 0.0706349 0.00953794
2 0.00916353 0.0249086 0.851137 0.0481469 0.0318472 0.0347967
2 0.00697394 0.0352098 0.87632 0.0319547 0.0336941 0.0158479
2 0.0109161 0.0351725 0.86587 0.0316134 0.0363983 0.0200297
2 0.0103736 0.0248652 0.896738 0.0237762 0.0240239 0.0202231
2 0.00749056 0.0322534 0.828019 0.0782247 0.036264 0.0177483
2 0.00940812 0.0281052 0.869576 0.0334419 0.0383047 0.0211645
3 0.0927346 0.0516312 0.0472004 0.620033 0.141235 0.0471657
3 0.00811599 0.0441379 0.039312 0.808652 0.082853 0.0169292
3 0.0223356 0.0412769 0.127889 0.716097 0.0661898 0.0262113
3 0.0123058 0.0327342 0.0322879 0.796143 0.0474402 0.0790886
3 0.0100495 0.0733942 0.15633 0.54578 0.188578 0.0258684
3 0.0119111 0.036367 0.0354243 0.813408 0.0656314 0.0372579
3 0.0139095 0.039589 0.038465 0.805619 0.0874888 0.0149285
3 0.00447372 0.0240647 0.0356425 0.859288 0.0523015 0.0242293
3 0.00757071 0.0293258 0.0263427 0.846913 0.0502735 0.0395741
3 0.00998154 0.0311597 0.0328036 0.815576 0.0753259 0.0351534
3 0.00857296 0.0469028 0.0292156 0.802035 0.0799872 0.033286
3 0.00570314 0.0303577 0.0229 0.830399 0.0752535 0.0353869
3 0.00848366 0.0320713 0.0366317 0.826922 0.0540736 0.0418179
3 0.00834167 0.034721 0.0380954 0.822056 0.0621048 0.034681
3 0.00758814 0.0310158 0.0631196 0.558497 0.152744 0.187036
3 0.00776086 0.0384761 0.0284235 0.819178 0.0881321 0.0180291
3 0.00782588 0.0618701 0.0363725 0.755608 0.112798 0.0255256
3 0.0115424 0.0543013 0.0536775 0.670784 0.192658 0.0170372
3 0.0107442 0.0497215 0.0362224 0.788374 0.0965811 0.0183571
3 0.00956918 0.100327 0.0381696 0.7182 0.117433 0.0163015
3 0.00860969 0.0298874 0.0300609 0.843751 0.0482641 0.0394272
3 0.00795634 0.0378557 0.0319555 0.80671 0.0805106 0.0350114
3 0.01742 0.24767 0.150776 0.442765 0.122436 0.018933
3 0.00533792 0.0340783 0.0379664 0.840666 0.0523197 0.0296316
3 0.008769 0.185708 0.0520486 0.644557 0.084358 0.02456
3 0.00853056 0.0305618 0.0358682 0.836035 0.0517985 0.0372058
3 0.0083306 0.0336694 0.0341516 0.826412 0.0581786 0.0392582
3 0.0085455 0.031381 0.0342608 0.832778 0.0541034 0.038931
3 0.00847061 0.0350898 0.0394993 0.833899 0.0575342 0.0255069
3 0.00846541 0.0316427 0.0369101 0.831393 0.0425804 0.0490081
4 0.027005 0.115571 0.032135 0.111252 0.680983 0.0330547
4 0.011581 0.0654418 0.0619061 0.0840841 0.742001 0.0349857
4 0.0113048 0.0914585 0.0429164 0.0853644 0.738768 0.0301874
4 0.0102055 0.0842236 0.0586388 0.0816346 0.740351 0.0249469
4 0.0108093 0.0488645 0.0841324 0.137648 0.660117 0.0584292
4 0.127586 0.18511 0.0930014 0.0495292 0.531913 0.0128607
4 0.0109752 0.0747364 0.076661 0.100752 0.715173 0.0217022
4 0.0106534 0.0574297 0.0669563 0.154311 0.694813 0.0158369
4 0.0105895 0.106761 0.037842 0.119529 0.702014 0.0232647
4 0.0109533 0.0554958 0.0643556 0.140947 0.68726 0.040988
4 0.0095123 0.170773 0.0475144 0.0718414 0.679187 0.0211714
4 0.0276963 0.0956792 0.0400352 0.0847425 0.732769 0.0190778
4 0.0236003 0.147208 0.0414195 0.0849024 0.684485 0.0183849
2 0.0180639 0.101768 0.477016 0.0319563 0.362248 0.00894882
4 0.0184885 0.0772625 0.052759 0.0904667 0.748596 0.0124267
4 0.0218303 0.0771158 0.0413476 0.0714078 0.685908 0.102391
4 0.00986359 0.0667661 0.0443306 0.102109 0.75988 0.017051
4 0.00761659 0.0434974 0.0214327 0.054923 0.832211 0.0403195
4 0.00605086 0.048135 0.0305752 0.0889716 0.782486 0.0437811
4 0.0149753 0.0726245 0.0529568 0.092826 0.752057 0.0145606
4 0.0113745 0.0594546 0.0358295 0.0605946 0.787826 0.0449211
4 0.00663411 0.0687322 0.0319825 0.0983263 0.75713 0.0371952
4 0.0154174 0.05004 0.0389842 0.0603474 0.785676 0.0495346
4 0.0169068 0.0600446 0.0232443 0.063213 0.791062 0.0455294
3 0.0205836 0.0416825 0.104875 0.393428 0.308019 0.131412
4 0.0193573 0.0477103 0.0220193 0.125469 0.708488 0.0769563
4 0.0129772 0.0874569 0.0731582 0.118908 0.68998 0.01752
4 0.00772566 0.0468749 0.0267823 0.105061 0.635813 0.177744
4 0.0124414 0.0543559 0.0578912 0.0863679 0.76645 0.0224931
4 0.0101296 0.316605 0.0403705 0.0654529 0.542399 0.0250434
5 0.0077821 0.0115682 0.0140962 0.0180816 0.0181052 0.930367
5 0.00771743 0.0110261 0.00895418 0.0201049 0.023654 0.928543
5 0.00740833 0.012355 0.00864166 0.0193401 0.0358739 0.916381
5 0.00924423 0.0116774 0.0121985 0.0481077 0.0372031 0.881569
5 0.00510136 0.00551602 0.0106248 0.0138561 0.00821419 0.956688
5 0.00688524 0.00841389 0.0122716 0.0241724 0.0134072 0.93485
5 0.00571505 0.0111743 0.00869834 0.0200325 0.0231537 0.931226
5 0.00737185 0.00950253 0.0130193 0.0205565 0.0185468 0.931003
5 0.00544097 0.00675239 0.00789983 0.0163979 0.00931971 0.954189
5 0.00669242 0.00864532 0.00832444 0.0276395 0.0126516 0.936047
5 0.00703262 0.0103312 0.0106259 0.0302172 0.0159557 0.925837
5 0.00709913 0.00985184 0.012284 0.0225747 0.0167961 0.931394
5 0.00590678 0.00936514 0.012572 0.0209666 0.0175814 0.933608
5 0.00692405 0.0109775 0.0102806 0.0230825 0.0417918 0.906944
5 0.00722786 0.00994503 0.0114687 0.02354 0.0157404 0.932078
5 0.00500244 0.00630211 0.0109951 0.0181272 0.00718848 0.952385
5 0.00748287 0.00876641 0.0168109 0.0651913 0.0139959 0.887753
5 0.0075201 0.0106408 0.00920441 0.0245584 0.0175397 0.930537
5 0.00696567 0.0101108 0.00941896 0.0218377 0.0221345 0.929532
5 0.0087783 0.0376636 0.0243437 0.0503899 0.325967 0.552857
5 0.00856186 0.0486448 0.0283679 0.0768721 0.0398842 0.797669
5 0.00823853 0.0100274 0.0281064 0.0208343 0.0175058 0.915288
5 0.00790693 0.0100085 0.0129695 0.021486 0.0185345 0.929095
5 0.00784334 0.00987843 0.0121347 0.0233171 0.0160844 0.930742
5 0.00763436 0.0183884 0.0325568 0.131879 0.0368791 0.772663
5 0.00568619 0.00839329 0.0121052 0.0212546 0.0121737 0.940387
5 0.0217196 0.360349 0.0489944 0.0579089 0.10095 0.410078
5 0.129886 0.116444 0.0712092 0.0766673 0.0734821 0.532311
5 0.00698378 0.0110106 0.0127318 0.0384981 0.0153694 0.915406
5 0.00521574 0.00617789 0.0112872 0.0196499 0.0177929 0.939876
