1 0.916002 0.00530806 0.00663235 0.00515266 0.00982428 0.00798426 0.00441434 0.0155049 0.0167981 0.00835462 0.00402418
1 0.914473 0.00497066 0.00681672 0.00461214 0.00866174 0.00698848 0.00405661 0.0202067 0.0179048 0.00737285 0.00393612
1 0.916093 0.00490261 0.00619893 0.00461212 0.00806486 0.00672568 0.00401468 0.0195197 0.0186372 0.00738005 0.00385115
1 0.898266 0.0053699 0.00676435 0.00477312 0.008811 0.00744959 0.00405778 0.0238969 0.0269867 0.00927058 0.00435394
1 0.908718 0.00482928 0.00611953 0.00433335 0.0095122 0.00733275 0.00383685 0.0204846 0.0218683 0.00889554 0.00406934
1 0.849284 0.00627418 0.00851944 0.00658211 0.0195413 0.0125077 0.00526274 0.034972 0.0334883 0.0170456 0.00652244
1 0.914475 0.00422137 0.00488658 0.00586449 0.0112078 0.00906054 0.00376439 0.0191542 0.0143322 0.00972261 0.00331067
1 0.936263 0.00366719 0.00429688 0.00454645 0.00842024 0.00636961 0.00326266 0.0141171 0.00951372 0.00667276 0.00287028
1 0.937737 0.00395226 0.00456871 0.0037869 0.00643043 0.00543594 0.00323246 0.0166764 0.00917219 0.00583419 0.00317334
1 0.906754 0.00480853 0.00611762 0.00431332 0.00771487 0.00663802 0.00369211 0.0305362 0.0179674 0.00733331 0.004125
1 0.881622 0.00580698 0.00681287 0.00531031 0.00858173 0.00873997 0.00419411 0.0361181 0.0281949 0.00971639 0.00490266
1 0.907002 0.00571148 0.00635422 0.00528208 0.00797955 0.00879293 0.00423637 0.0172164 0.0230449 0.0100646 0.0043157
1 0.887025 0.00610304 0.00716958 0.00551816 0.0112494 0.00865595 0.00472506 0.0232272 0.030342 0.0108035 0.00518154
1 0.904969 0.0052735 0.00605964 0.00504447 0.0106158 0.00798492 0.00420015 0.0197137 0.0219827 0.00974711 0.00440933
1 0.912037 0.00462303 0.0050785 0.0045915 0.00898922 0.00711248 0.00374717 0.0194721 0.0211993 0.00850952 0.00463975
1 0.938861 0.00295871 0.0042209 0.00392098 0.00725387 0.00489794 0.00301942 0.0179035 0.00963402 0.00477127 0.00255829
1 0.946193 0.00234797 0.00332142 0.00350471 0.00644124 0.00397309 0.00258919 0.0175496 0.00775814 0.00403582 0.00228602
1 0.949253 0.00156471 0.00215596 0.00333692 0.00465056 0.00314199 0.00207442 0.0217889 0.00724619 0.00302024 0.00176719
1 0.958972 0.00108175 0.0014621 0.00359159 0.00362106 0.00262542 0.00177699 0.0167683 0.00602666 0.00261459 0.00145911
1 0.952346 0.000942061 0.00126052 0.00363044 0.00307698 0.00251043 0.00169549 0.0232858 0.00714647 0.00268273 0.00142346
1 0.912074 0.0019419 0.00277594 0.00508308 0.0059534 0.0059203 0.00299851 0.0364245 0.0166971 0.00606789 0.00406384
1 0.924456 0.00185373 0.00234792 0.00700356 0.00685307 0.00624919 0.003303 0.0210844 0.0159281 0.00706535 0.00385533
1 0.948874 0.00143484 0.00186795 0.00450292 0.00398161 0.00434691 0.00230172 0.0160465 0.00930194 0.00450422 0.00283714
1 0.957902 0.00125846 0.00140318 0.00357887 0.00315072 0.00355832 0.00192014 0.0147962 0.00671046 0.00365713 0.00206422
1 0.957681 0.000994687 0.00135255 0.00217313 0.00166598 0.00247627 0.00133611 0.0227642 0.00549966 0.0023765 0.00168009
1 0.890366 0.00202171 0.00271824 0.00377338 0.00282409 0.00632526 0.0019658 0.0644687 0.0152813 0.00618641 0.00406861
1 0.847531 0.00226648 0.00412644 0.00556718 0.00387267 0.00793436 0.0024356 0.0879971 0.0256819 0.00835421 0.00423319
1 0.975363 0.000854762 0.000974285 0.00211244 0.00156019 0.00187659 0.00110178 0.0104558 0.0028048 0.00188561 0.00101066
1 0.973511 0.000904357 0.000902165 0.00210623 0.00153379 0.00204482 0.00105728 0.0118465 0.00287763 0.00220426 0.00101206
1 0.787083 0.0031761 0.00433555 0.0179338 0.0164782 0.00800906 0.00603202 0.0881467 0.0472084 0.0155306 0.00606613
1 0.9776 0.000850798 0.000941969 0.00219224 0.00168352 0.00192518 0.00111778 0.00812919 0.00234911 0.00214411 0.00106654
1 0.962931 0.000818494 0.00128554 0.00190573 0.00156665 0.00165221 0.00110264 0.0227943 0.00289497 0.00196379 0.00108462
1 0.929369 0.00188397 0.00236017 0.00838673 0.00764788 0.00532234 0.0029741 0.0223823 0.0104782 0.00653579 0.00265905
1 0.832683 0.00138728 0.00369701 0.00377307 0.00345277 0.00236715 0.00197001 0.126684 0.0180935 0.00415771 0.00173516
1 0.947548 0.00108798 0.0021533 0.00314147 0.00308092 0.00227915 0.00152606 0.0237386 0.0115843 0.00267318 0.00118732
1 0.977028 0.000769138 0.000875628 0.002395 0.00184737 0.00172177 0.00116449 0.00854723 0.00246196 0.00212702 0.00106228
1 0.971955 0.00112818 0.000931234 0.0036795 0.00244621 0.00365149 0.00138749 0.00608572 0.00322232 0.00386418 0.001649
1 0.505384 0.0131275 0.0217639 0.00689522 0.0296277 0.0231756 0.00576015 0.274066 0.0554375 0.0592795 0.00548258
1 0.967366 0.000937867 0.00153603 0.00255212 0.00196031 0.00193237 0.00133907 0.014552 0.0038816 0.0026572 0.00128571
1 0.902573 0.00285861 0.00559933 0.00447205 0.00558227 0.0080035 0.00206949 0.0477099 0.0105313 0.00739469 0.00320575
1 0.89018 0.00389899 0.00440775 0.0086847 0.00950157 0.0103646 0.00439666 0.0274154 0.0203298 0.0135432 0.00727723
1 0.968688 0.000875364 0.00126549 0.00205084 0.00158907 0.00187179 0.00114313 0.0160851 0.00324871 0.00203293 0.00114985
8 0.210221 0.00340209 0.0177986 0.00531066 0.00566574 0.00869257 0.00180287 0.671483 0.0476474 0.0242396 0.00373595
1 0.953028 0.00129085 0.00273133 0.00262395 0.00268378 0.00236088 0.00146001 0.0235989 0.00492008 0.00357242 0.00172944
1 0.903605 0.00295216 0.00438368 0.00727241 0.0080182 0.00678481 0.00395201 0.0278098 0.0197475 0.0098849 0.00558965
1 0.898597 0.0035354 0.00528793 0.00802254 0.0105529 0.00753856 0.00433999 0.027145 0.0178535 0.0108028 0.006324
1 0.96008 0.00129202 0.00234205 0.00363159 0.00298605 0.00286969 0.00168763 0.0139501 0.00541626 0.00374114 0.00200364
1 0.930376 0.00236059 0.00305765 0.00726791 0.00657763 0.00544309 0.00350227 0.0165087 0.0124649 0.00806751 0.00437403
1 0.934227 0.00196787 0.00367685 0.0046083 0.00453077 0.00458608 0.00228987 0.0275393 0.00788399 0.00537976 0.00331057
1 0.960165 0.0013706 0.00202641 0.00370514 0.00312888 0.00305675 0.00185986 0.0122798 0.00617471 0.00390729 0.00232565
2 0.00386184 0.90458 0.0041711 0.00592457 0.00354108 0.0508968 0.00416785 0.00486186 0.00532634 0.00763253 0.00503569
2 0.00362328 0.926381 0.00372258 0.00531374 0.00327045 0.0338923 0.00411814 0.00459413 0.00461011 0.00631703 0.0041576
2 0.00300628 0.950216 0.00309944 0.0039751 0.0021201 0.0192195 0.00279768 0.00403878 0.00352893 0.00543273 0.00256515
2 0.00512705 0.661238 0.0407814 0.00931001 0.0102556 0.0403907 0.010178 0.0155523 0.00737144 0.0108942 0.188901
2 0.00490064 0.874968 0.00356948 0.0105678 0.00462336 0.0643491 0.00787443 0.00572907 0.00612807 0.00945952 0.00783019
2 0.00403694 0.910461 0.00510094 0.00765737 0.00396826 0.0343101 0.00491469 0.00570139 0.00543238 0.009424 0.00899299
2 0.00412852 0.894708 0.0159288 0.00852809 0.00472162 0.0218363 0.00628364 0.00662982 0.00644648 0.0121463 0.0186428
2 0.00342381 0.927519 0.00855696 0.00572786 0.00304918 0.0215318 0.00647914 0.00478036 0.00461428 0.00458693 0.00973058
2 0.00333274 0.953443 0.00436324 0.00349342 0.00227768 0.0146505 0.00419878 0.00404131 0.00358103 0.00318423 0.00343382
2 0.00875893 0.650427 0.0280164 0.00923336 0.00586564 0.243679 0.0045321 0.0133522 0.0142388 0.0117724 0.0101249
2 0.00482455 0.86698 0.00394975 0.0128507 0.00484373 0.0631416 0.0101773 0.00566672 0.00653585 0.00945971 0.0115705
2 0.00377834 0.905753 0.00698191 0.0116335 0.00379459 0.0280583 0.00721593 0.00506559 0.00543067 0.00851042 0.013778
2 0.00558873 0.857823 0.030475 0.00657047 0.00435492 0.0345552 0.00364766 0.009293 0.00811428 0.0208368 0.0187408
2 0.00613767 0.848205 0.024371 0.00832371 0.0058413 0.0286979 0.00552551 0.011614 0.0102821 0.0249448 0.0260568
2 0.00337043 0.944549 0.00502581 0.00428168 0.00255137 0.0181052 0.00430871 0.00432846 0.00389801 0.00419912 0.00538231
2 0.00282022 0.961104 0.00266306 0.00271432 0.00169079 0.0145574 0.00227456 0.00348937 0.0033848 0.0037436 0.00155799
2 0.00197682 0.893668 0.00819699 0.00815431 0.00242287 0.0191318 0.00918149 0.00402525 0.00352246 0.00517118 0.0445488
2 0.00186314 0.927119 0.00640055 0.00555106 0.00177301 0.0149763 0.00818133 0.00334198 0.00275409 0.00329137 0.0247479
2 0.00170962 0.960791 0.00418825 0.00307913 0.00112985 0.0100777 0.00398258 0.00254205 0.00192458 0.00245526 0.00811963
2 0.00151635 0.976394 0.00198962 0.00182159 0.000771859 0.00767108 0.00206451 0.00173682 0.00147802 0.00199118 0.00256475
2 0.00150647 0.967875 0.00237978 0.00271923 0.000986834 0.0107468 0.0026668 0.00190281 0.00179264 0.00271619 0.00470745
2 0.00173551 0.952835 0.00309763 0.00469207 0.00143487 0.0134026 0.00413801 0.00250001 0.00253216 0.00406215 0.00957015
2 0.00184208 0.955456 0.00435735 0.00411154 0.00143003 0.0115183 0.00306148 0.00285301 0.00304453 0.00487196 0.00745401
2 0.00526087 0.413288 0.0431877 0.0224093 0.0114248 0.0289527 0.0161025 0.0248059 0.0172269 0.0282884 0.389053
2 0.00366939 0.911572 0.0129576 0.00625084 0.00235001 0.0228229 0.0030037 0.00657866 0.0061013 0.0114338 0.0132596
2 0.00173708 0.946306 0.00324052 0.00369247 0.0012029 0.0207649 0.00237779 0.00268878 0.00231891 0.00507412 0.0105961
2 0.00168398 0.948657 0.0148891 0.00235734 0.00140833 0.0125508 0.00141896 0.00249474 0.00168552 0.00436482 0.00848979
2 0.00225617 0.953162 0.004096 0.00280747 0.00125772 0.0193819 0.0014868 0.00295544 0.00229511 0.00482543 0.0054764
2 0.00441104 0.932147 0.00536503 0.00325482 0.0025821 0.0333828 0.00212599 0.00446523 0.00315819 0.00576751 0.00333988
2 0.00538893 0.921551 0.00669051 0.00267576 0.00247144 0.0367934 0.00153024 0.00601672 0.00407336 0.00879932 0.00400896
2 0.00484128 0.91799 0.00649071 0.00455807 0.00376146 0.0386373 0.0028221 0.00523288 0.00396379 0.00724126 0.00446124
2 0.00297502 0.912653 0.00339238 0.00775938 0.00480324 0.0272924 0.00508665 0.00474109 0.00473862 0.0094735 0.0170843
2 0.00315109 0.925163 0.00398954 0.00643566 0.00566992 0.0179867 0.00371621 0.00583299 0.00437007 0.00978702 0.0138982
2 0.00315291 0.880168 0.0513008 0.00410553 0.00306621 0.0215642 0.00250466 0.00496837 0.00326814 0.00862868 0.0172727
2 0.00449289 0.885716 0.00272941 0.00483353 0.00339754 0.0755646 0.00390807 0.00393566 0.00296925 0.00656693 0.00588606
2 0.00373357 0.839774 0.00261812 0.00981797 0.00460885 0.0850341 0.00802047 0.0050542 0.00581844 0.0100532 0.0254672
2 0.00337406 0.916441 0.00290509 0.0062024 0.00512598 0.0296152 0.00412631 0.00512737 0.00498082 0.00981175 0.0122902
2 0.00269461 0.940467 0.00357696 0.00376089 0.00350121 0.0171287 0.00217126 0.00517838 0.00328818 0.00780512 0.010428
2 0.00662471 0.914418 0.00905216 0.00460737 0.00623808 0.025893 0.0030466 0.00819444 0.00482761 0.0103422 0.00675609
2 0.00232116 0.938967 0.00273047 0.0033255 0.00191059 0.0255335 0.00199021 0.00312789 0.00243407 0.0059889 0.0116707
2 0.00418956 0.890513 0.0186847 0.00640239 0.0140719 0.0194604 0.00453874 0.00913296 0.00532341 0.00893541 0.0187473
2 0.00285575 0.922444 0.00462329 0.00667195 0.00837317 0.0168975 0.00475442 0.00447319 0.00343893 0.00862437 0.0168439
2 0.00458295 0.90186 0.00360094 0.00573428 0.00986013 0.0283304 0.00368753 0.00761072 0.00598616 0.0149195 0.0138277
2 0.00319404 0.935145 0.0031874 0.00440342 0.00374863 0.0199372 0.00273995 0.00519496 0.00405845 0.00681171 0.0115789
2 0.00529453 0.892193 0.00351879 0.00654376 0.0121175 0.0310379 0.00488154 0.00803632 0.00547938 0.0124484 0.0184488
2 0.00738172 0.873521 0.015429 0.00639926 0.0168348 0.0346378 0.00511577 0.0109421 0.00577132 0.0116489 0.0123185
2 0.00708157 0.811089 0.0272488 0.00752544 0.053431 0.0224228 0.00635969 0.013503 0.00645396 0.0135556 0.031329
2 0.00604767 0.857955 0.00795488 0.00622182 0.00430779 0.0846604 0.003938 0.00762646 0.00568845 0.00798107 0.00761884
2 0.00670723 0.852396 0.0133884 0.00666422 0.00495474 0.080046 0.00388862 0.0086932 0.00549381 0.00913875 0.00862922
2 0.00634567 0.851643 0.00354073 0.00666925 0.0108409 0.0760756 0.00712158 0.00669141 0.00511837 0.00896876 0.0169851
3 0.00930627 0.0154453 0.834436 0.0186521 0.0230409 0.0121371 0.0156518 0.0269282 0.0147349 0.0147914 0.0148764
3 0.0103767 0.00903796 0.874254 0.00694175 0.0165863 0.0111545 0.00784938 0.0276649 0.0158246 0.0114675 0.00884271
3 0.00785284 0.0190068 0.890942 0.00607234 0.00866649 0.013653 0.00794025 0.0143124 0.0101325 0.0101003 0.0113208
3 0.00554613 0.0275719 0.908737 0.00460269 0.00365015 0.0140771 0.00388102 0.00800021 0.00641054 0.00713136 0.0103921
3 0.00299261 0.00495292 0.960586 0.00407443 0.00299093 0.00290016 0.00251222 0.00732161 0.00442539 0.00328241 0.00396101
3 0.00918897 0.00865097 0.891799 0.0064881 0.0134722 0.00937254 0.00738458 0.0232774 0.0124315 0.0100618 0.00787272
3 0.0152546 0.0092184 0.839876 0.0085891 0.0198972 0.0122272 0.00865321 0.03869 0.0224772 0.0141564 0.0109603
3 0.00793359 0.0114547 0.905028 0.00588208 0.0087501 0.00868232 0.00711807 0.015556 0.0114892 0.00962663 0.00847952
3 0.00397362 0.027356 0.912034 0.00603645 0.00354395 0.00995642 0.00616959 0.00686347 0.00537785 0.00551474 0.0131743
3 0.00260856 0.0141368 0.939119 0.00653326 0.00344758 0.00524556 0.00536042 0.00645867 0.00401736 0.00383564 0.00923716
3 0.00293432 0.0174178 0.908196 0.0130475 0.00806277 0.00637334 0.00916297 0.0105179 0.00440979 0.00389001 0.0159872
3 0.00679297 0.00962577 0.923932 0.00584157 0.00638304 0.00743678 0.00528744 0.0139198 0.00710846 0.00629363 0.00737899
3 0.00665799 0.011311 0.910438 0.00617278 0.00813179 0.00702737 0.0070562 0.0139792 0.0111397 0.00982696 0.00825929
3 0.00708057 0.0167277 0.886139 0.00776794 0.0104249 0.00933862 0.00882191 0.0163928 0.0129224 0.0134754 0.0109087
3 0.00481734 0.0113007 0.923864 0.00562579 0.00610155 0.00606096 0.00533348 0.0107479 0.00937535 0.00897002 0.00780276
3 0.00971433 0.0119815 0.902466 0.00745626 0.00409962 0.0259526 0.00221093 0.0169093 0.00880318 0.00744711 0.00295904
3 0.00554364 0.0110017 0.933179 0.00496465 0.00283926 0.0127611 0.00151387 0.0130999 0.00726971 0.00497054 0.00285683
3 0.0190106 0.0128858 0.817665 0.0072487 0.0228057 0.0245311 0.00821579 0.0412636 0.0208122 0.0145729 0.0109884
3 0.016302 0.00952178 0.833071 0.0087716 0.0121242 0.0241331 0.0048571 0.0412076 0.0300551 0.0152209 0.00473533
3 0.0175302 0.00877614 0.830397 0.00760097 0.011572 0.018758 0.00466395 0.0522867 0.0290904 0.0148632 0.00446129
3 0.00425642 0.0149588 0.922725 0.00503424 0.00393341 0.00472425 0.00238961 0.0127208 0.00966871 0.0112666 0.0083226
3 0.00372253 0.00951051 0.939135 0.00396889 0.00377963 0.00300736 0.00202694 0.0126316 0.00885805 0.00749196 0.00586753
3 0.00715035 0.00988751 0.89778 0.00542998 0.00787692 0.00386802 0.0026885 0.0360089 0.0127862 0.00932725 0.00719669
3 0.00657713 0.0108747 0.879886 0.00553494 0.00504866 0.012315 0.00196444 0.0383957 0.0255689 0.00913513 0.00469978
3 0.00560174 0.00885826 0.93754 0.00377567 0.003272 0.00425181 0.00210145 0.0141949 0.0071765 0.00681209 0.00641524
3 0.00573028 0.0124866 0.924407 0.00501995 0.00448485 0.00698717 0.00336458 0.0156179 0.00699182 0.00593759 0.00897233
3 0.00646829 0.0316249 0.867923 0.00564645 0.00821957 0.00844453 0.00318203 0.0237721 0.0128275 0.0156705 0.0162209
3 0.00387425 0.0123311 0.924234 0.00625486 0.00570666 0.00355966 0.00291877 0.0160636 0.00847366 0.00783143 0.008752
3 0.00880062 0.01198 0.886389 0.00470372 0.00986237 0.00599933 0.00329923 0.0377332 0.015851 0.00724217 0.00813908
3 0.00789678 0.0168839 0.889826 0.00526315 0.00712739 0.00764081 0.00300485 0.0290826 0.0106956 0.00935078 0.0132277
3 0.00947912 0.0413155 0.8193 0.00689645 0.0212284 0.0115229 0.00440035 0.0332652 0.0121327 0.0175116 0.0229477
3 0.0101205 0.0112086 0.758113 0.0117048 0.0120766 0.0150559 0.00315598 0.0874263 0.0626184 0.0188756 0.0096448
3 0.0099114 0.0296275 0.823784 0.00893253 0.0118464 0.012974 0.0047063 0.0426023 0.0152355 0.0131998 0.0271798
3 0.0055617 0.0162031 0.907608 0.00517868 0.00615056 0.00576342 0.00292203 0.0206766 0.0104677 0.00768621 0.0117825
3 0.00611522 0.032445 0.882933 0.00564266 0.00542225 0.00992135 0.00345562 0.0188335 0.00779238 0.00737278 0.0200667
3 0.00449321 0.0181097 0.915438 0.0066312 0.00532211 0.00534302 0.00344328 0.0155676 0.00648128 0.00619025 0.01298
3 0.00571973 0.144136 0.747141 0.0074118 0.00712523 0.0158744 0.00474623 0.0152338 0.00949977 0.0119834 0.0311295
3 0.00590266 0.0181496 0.911308 0.00540735 0.00464486 0.00795946 0.00312868 0.0183934 0.0066186 0.00698655 0.011501
3 0.00694743 0.0169952 0.894435 0.00536794 0.00844422 0.00637796 0.00305548 0.0277737 0.00915861 0.00902363 0.0124208
3 0.0074213 0.0149777 0.868712 0.0091892 0.00650266 0.0267489 0.00257906 0.0259527 0.0210187 0.00781177 0.00908623
3 0.00541572 0.0126712 0.920442 0.00440536 0.00396057 0.0048795 0.0023004 0.0203037 0.00986933 0.0068289 0.00892289
3 0.00612151 0.0178665 0.912367 0.00438751 0.0044264 0.00685985 0.002559 0.0189376 0.00777233 0.00758275 0.0111195
3 0.00957558 0.0262201 0.788753 0.0147326 0.0185529 0.0321412 0.00412969 0.0401474 0.0278798 0.0151749 0.0226928
3 0.00704793 0.00744776 0.865169 0.00860053 0.00514363 0.0138081 0.00236443 0.037331 0.040511 0.00759878 0.00497823
3 0.00916563 0.021801 0.867743 0.00624286 0.0081632 0.0107259 0.0039474 0.0355834 0.0109759 0.00933758 0.0163144
3 0.0100878 0.027595 0.844002 0.00814597 0.00735543 0.014176 0.00506725 0.0356636 0.0146417 0.0117599 0.0215049
3 0.0101481 0.00698675 0.791769 0.0149748 0.00672966 0.0193663 0.00333698 0.0459142 0.0850618 0.00866087 0.00705205
3 0.00378277 0.0281282 0.921966 0.00343991 0.00225 0.0120211 0.00228742 0.00723199 0.0049778 0.00553482 0.0083803
3 0.00652539 0.00570749 0.902973 0.010176 0.0045446 0.0171825 0.00247669 0.0168578 0.0257302 0.00492989 0.00289594
3 0.00845077 0.0253985 0.861289 0.0112203 0.00653916 0.0390383 0.00306903 0.0152964 0.0138285 0.00717073 0.00869937
4 0.00461785 0.00755924 0.0049325 0.765763 0.0672213 0.0128283 0.0749964 0.00759469 0.00591781 0.0125607 0.0360084
4 0.00214323 0.00183342 0.00142774 0.955951 0.00669414 0.00270307 0.01897 0.0020735 0.00180969 0.00332107 0.00307299
4 0.00512825 0.00431423 0.0040306 0.687927 0.0220842 0.00545485 0.247839 0.00586609 0.00501737 0.00515481 0.00718383
4 0.00567303 0.00448173 0.00430181 0.900877 0.0238675 0.00522721 0.0239786 0.00648947 0.00504145 0.0106684 0.00939389
4 0.0058626 0.00334769 0.00392704 0.915273 0.0166699 0.00368292 0.0254884 0.00706775 0.00516967 0.00729742 0.0062139
4 0.0051717 0.00286776 0.00293389 0.930513 0.0139314 0.00390543 0.0142489 0.00572247 0.00532395 0.00796824 0.00741359
4 0.0070599 0.00564668 0.0251142 0.812552 0.0419505 0.017739 0.0251705 0.012389 0.025752 0.0148173 0.0118092
4 0.00463269 0.00441021 0.0029379 0.905508 0.0159534 0.00823298 0.0242794 0.0047602 0.00438874 0.0104543 0.0144424
4 0.00321434 0.00377979 0.00233896 0.917917 0.00871502 0.00568561 0.034624 0.00366332 0.00336923 0.00638134 0.0103112
4 0.00274751 0.00303979 0.00224868 0.933605 0.00623609 0.00366693 0.0307234 0.00322905 0.0029741 0.0045688 0.00696079
4 0.0045298 0.00430783 0.00287331 0.906965 0.0141482 0.0085137 0.0255309 0.00473023 0.00481272 0.00912618 0.014462
4 0.00267359 0.00227394 0.00180592 0.953015 0.00774623 0.00378888 0.00811388 0.00305233 0.00297163 0.00710098 0.00745781
4 0.00568401 0.00198089 0.00337662 0.925268 0.0146034 0.00421856 0.0119714 0.00619116 0.0130742 0.00850814 0.00512339
4 0.00353214 0.00157712 0.00197317 0.947443 0.00905655 0.00273867 0.0108577 0.00396721 0.00735802 0.00646948 0.00502736
4 0.00591487 0.00201734 0.002838 0.942276 0.0117867 0.00238737 0.0112605 0.00650356 0.00528539 0.0058101 0.00391993
4 0.0029353 0.00325852 0.00230336 0.941907 0.00820982 0.00442428 0.0137709 0.00356063 0.00305055 0.00780067 0.00877923
4 0.00401167 0.00190361 0.00222135 0.950522 0.00861178 0.00260208 0.0109717 0.00463082 0.00444823 0.00532581 0.00475131
4 0.00279816 0.00264122 0.00206456 0.948784 0.00718597 0.00343231 0.013621 0.00373906 0.00317493 0.00531349 0.00724515
4 0.00378181 0.00185648 0.00273656 0.94533 0.00879845 0.00282517 0.0103002 0.00450451 0.00779934 0.00643403 0.00563313
4 0.00281614 0.0031883 0.00216792 0.944104 0.00676147 0.00426176 0.0178198 0.00302467 0.00276438 0.00578175 0.00731016
4 0.00271012 0.00345957 0.00244879 0.937767 0.00641806 0.0037779 0.0237577 0.0033532 0.0028806 0.00565617 0.00777119
4 0.0058024 0.00225358 0.00276276 0.936128 0.0116798 0.00298788 0.0159122 0.00618322 0.00576753 0.00577734 0.00474536
10 0.0298707 0.0229512 0.0356312 0.201906 0.0380174 0.226571 0.0083635 0.0441297 0.0925873 0.28873 0.011242
4 0.00297618 0.0047324 0.00269571 0.916604 0.00982179 0.0089291 0.0224162 0.0034493 0.00313036 0.00895216 0.0162932
4 0.00256653 0.00264097 0.00164919 0.948622 0.00693109 0.00408352 0.0154451 0.00277372 0.00239754 0.00580664 0.0070836
4 0.00269769 0.00227001 0.00161188 0.955401 0.00719998 0.00325105 0.00730235 0.00346214 0.00271598 0.00741076 0.00667745
4 0.00213866 0.00257859 0.00141317 0.950919 0.0070289 0.00398714 0.00959781 0.00277999 0.00261258 0.00753396 0.00940997
4 0.00255253 0.00229558 0.00177207 0.947444 0.0142114 0.00308072 0.0129252 0.0028997 0.00213717 0.00594575 0.00473629
4 0.00247951 0.00198576 0.00111956 0.956156 0.00557295 0.00465141 0.0120368 0.00245212 0.00279718 0.00504006 0.00570894
4 0.00335808 0.00238541 0.00160237 0.944262 0.00896993 0.0048665 0.0128764 0.00331292 0.00341379 0.00711556 0.0078366
4 0.00656282 0.00702788 0.00414611 0.645445 0.166842 0.030435 0.061581 0.00613526 0.00717682 0.0282813 0.0363666
4 0.00390765 0.00232841 0.00329057 0.927244 0.0141201 0.00457048 0.00880598 0.00496565 0.0105829 0.0119922 0.0081919
4 0.00297665 0.00465674 0.00302758 0.920841 0.00756164 0.00619738 0.0233115 0.00377912 0.00346555 0.00810847 0.0160739
4 0.00477461 0.00247258 0.00322702 0.909787 0.0231975 0.00419919 0.024837 0.00646937 0.00699852 0.00634453 0.00769299
4 0.00347412 0.00218312 0.00259827 0.919367 0.0252818 0.00341046 0.0213246 0.00470188 0.00476776 0.00592937 0.00696157
4 0.00507589 0.00424172 0.00356338 0.838914 0.0730508 0.00679427 0.0274654 0.00822624 0.00575201 0.0109916 0.015925
4 0.00498528 0.00192694 0.00271916 0.94051 0.0147084 0.00278843 0.0118294 0.00571211 0.00461765 0.00535436 0.00484797
4 0.00377355 0.0015771 0.00260889 0.938778 0.0132818 0.0021047 0.0224327 0.00445132 0.00378605 0.00366047 0.00354585
4 0.00350113 0.00155635 0.00212948 0.9484 0.0106784 0.00195114 0.0168096 0.00410055 0.00376237 0.00374355 0.00336716
4 0.00784484 0.0026077 0.00483748 0.898625 0.0199619 0.00516382 0.0111485 0.0122716 0.0126279 0.0177628 0.00714809
4 0.00298191 0.00196915 0.00188651 0.94565 0.0129635 0.00338412 0.011203 0.00412361 0.00365015 0.00589176 0.00629657
4 0.0029948 0.00204336 0.0017446 0.943118 0.0148023 0.00355453 0.0157951 0.00327535 0.00263956 0.00495968 0.00507222
4 0.0052498 0.00562099 0.00436024 0.83285 0.0491669 0.00849362 0.0240909 0.0092242 0.00856381 0.0186184 0.0337606
4 0.00517394 0.00488991 0.00346013 0.826602 0.0713659 0.00823456 0.0337696 0.00763845 0.00602136 0.0118954 0.0209486
4 0.0034168 0.0039466 0.0023592 0.905673 0.0191507 0.00614646 0.0191119 0.00542689 0.00537765 0.011184 0.0182066
4 0.00344843 0.00179701 0.00184813 0.93784 0.01495 0.00297913 0.0225229 0.00380471 0.00288367 0.00380788 0.00411804
4 0.00505485 0.00385706 0.00340629 0.864187 0.0542137 0.00616424 0.0197931 0.00816048 0.00634461 0.0128937 0.0159249
4 0.00803097 0.0128717 0.00492253 0.59471 0.0460159 0.0204589 0.0291959 0.0151798 0.0233731 0.0573787 0.187863
4 0.00233648 0.00172846 0.00131554 0.959981 0.00680681 0.00282418 0.00841578 0.00290199 0.0031311 0.00508186 0.00547725
4 0.00413555 0.00176516 0.00218632 0.942918 0.0163638 0.00249701 0.0124549 0.0048285 0.00378843 0.00487305 0.00418919
5 0.00755798 0.00259314 0.00332399 0.0111586 0.939898 0.00307593 0.00778432 0.0075732 0.00539564 0.00850313 0.00313628
5 0.00670431 0.00280793 0.00331154 0.0157174 0.935024 0.00339839 0.00797186 0.00726884 0.00481307 0.00938955 0.00359284
5 0.00891867 0.00381918 0.00458348 0.0173996 0.915526 0.00516392 0.0116869 0.00983573 0.00712319 0.0110466 0.00489671
5 0.0102498 0.00362417 0.00463022 0.0118425 0.922735 0.00485856 0.00922778 0.0104281 0.00776129 0.0106028 0.00404031
5 0.0104814 0.00329199 0.00404476 0.0102123 0.929 0.00442283 0.00782516 0.00999819 0.00735841 0.00982623 0.00353839
5 0.012958 0.00357078 0.00429502 0.0103084 0.922553 0.00499317 0.00791365 0.0116876 0.00850665 0.0099368 0.00327704
5 0.0141176 0.00519767 0.00795239 0.0203595 0.85986 0.00847251 0.0109996 0.0116406 0.0142466 0.0327659 0.0143873
5 0.0105147 0.00389693 0.00821749 0.0252907 0.854223 0.00799592 0.00716204 0.0123008 0.0132238 0.0476786 0.00949567
5 0.0061177 0.0030392 0.00557578 0.0248494 0.902981 0.0040212 0.00748974 0.0072969 0.00682875 0.0264846 0.00531537
5 0.00341799 0.00251191 0.00348636 0.0257104 0.929023 0.00217369 0.0117765 0.00443507 0.00380576 0.0101032 0.00355605
5 0.0128853 0.00305018 0.0080088 0.0225981 0.887884 0.00544305 0.0115466 0.0169101 0.0143604 0.013226 0.0040875
5 0.0168292 0.00381282 0.00882544 0.030409 0.850567 0.00962324 0.0124001 0.0248473 0.0192465 0.017889 0.00554996
5 0.00926905 0.00383935 0.00431559 0.00827195 0.904919 0.00514686 0.00508512 0.0081922 0.0103111 0.0291944 0.0114553
5 0.0247007 0.00909697 0.00821615 0.00916732 0.675864 0.0205157 0.00518856 0.0268009 0.0233029 0.164082 0.0330648
5 0.0103784 0.0060805 0.00822184 0.0066261 0.895138 0.00644515 0.00592614 0.0121186 0.0106537 0.029493 0.00891889
5 0.0123671 0.00373302 0.00534083 0.00908097 0.915992 0.00457173 0.00794353 0.0132284 0.0112521 0.0126105 0.00388011
5 0.00909536 0.00296681 0.00400612 0.00812197 0.936399 0.00370837 0.006379 0.0093591 0.00722382 0.0095818 0.00315905
5 0.0124475 0.00441199 0.00608138 0.0109814 0.905757 0.0064952 0.00942257 0.0130004 0.0096967 0.0159995 0.00570646
5 0.0176259 0.00715053 0.00764316 0.0298768 0.85053 0.0123528 0.0177061 0.0202098 0.0118421 0.0186291 0.00643371
5 0.0029955 0.00186738 0.00227172 0.0119058 0.95567 0.00168137 0.0100136 0.00323532 0.0028436 0.00529239 0.00222371
5 0.0044804 0.00123937 0.00151175 0.0135103 0.955564 0.00152759 0.00914849 0.00394292 0.00354369 0.00376983 0.00176158
5 0.00699926 0.00201289 0.00413232 0.0675905 0.873904 0.00350378 0.0134007 0.0103368 0.00689254 0.00723745 0.00398992
5 0.00722801 0.00407642 0.00850531 0.0586574 0.850047 0.0069613 0.0130253 0.0115285 0.00975727 0.019491 0.0107228
5 0.0077042 0.00140042 0.00248243 0.0122507 0.940052 0.00222288 0.0068088 0.00819844 0.00678434 0.00887927 0.00321639
5 0.00348431 0.00183557 0.00186091 0.024305 0.931004 0.00264181 0.00936488 0.003311 0.00320814 0.0146129 0.0043717
5 0.00582895 0.0163831 0.00766742 0.0142066 0.8137 0.0130872 0.00710913 0.0124507 0.00786253 0.0543384 0.0473658
5 0.003109 0.00195239 0.00262469 0.0236714 0.936372 0.00221682 0.0106036 0.00377021 0.00296224 0.00875516 0.00396211
5 0.00512289 0.0012839 0.00161566 0.0138539 0.95338 0.00206163 0.00821058 0.00374983 0.00309553 0.00513114 0.00249448
5 0.00663366 0.00190588 0.00329992 0.0218859 0.92322 0.00304177 0.00973694 0.00844374 0.00726506 0.0100629 0.00450469
5 0.00622297 0.00445634 0.00511884 0.0283271 0.856738 0.00437286 0.00838967 0.0104491 0.00944051 0.0553282 0.0111566
5 0.00737894 0.00412381 0.0062259 0.0697359 0.833208 0.00760285 0.0126693 0.0133949 0.00883848 0.0230075 0.013814
5 0.00882216 0.00174149 0.00341647 0.194809 0.74367 0.0034024 0.0125188 0.00996484 0.00617687 0.0108192 0.00465898
5 0.00794187 0.00299122 0.00489637 0.0276342 0.895373 0.00601085 0.0125421 0.0112896 0.0100447 0.01327 0.00800562
5 0.00781388 0.00236255 0.00312811 0.133052 0.788803 0.00658105 0.0156684 0.00827985 0.00806212 0.0171973 0.0090511
5 0.00573103 0.00139357 0.00195008 0.0133456 0.945382 0.00194012 0.00572408 0.00573472 0.00476942 0.0109704 0.00305935
5 0.00937516 0.00261962 0.00419378 0.151577 0.756744 0.00665238 0.0123656 0.016069 0.00853512 0.0239987 0.00786963
5 0.00375059 0.00206478 0.00224578 0.0289015 0.929884 0.00237486 0.0131906 0.00402396 0.00314071 0.00712892 0.00329471
5 0.00640826 0.0060553 0.00889053 0.0208831 0.881899 0.00983458 0.00974919 0.0119707 0.00876035 0.0196404 0.0159083
5 0.00780795 0.0102795 0.010694 0.00923189 0.838854 0.0106989 0.00381464 0.0211471 0.00942346 0.0588899 0.0191589
5 0.00722958 0.0234691 0.00768147 0.0200876 0.659931 0.028858 0.00747913 0.0165629 0.0137388 0.138645 0.0763182
5 0.00693437 0.00592937 0.00323407 0.0153419 0.805677 0.0105074 0.00472247 0.0106878 0.00970675 0.109882 0.0173771
5 0.0064296 0.0044699 0.00886927 0.0273952 0.886329 0.00670659 0.0127818 0.0106461 0.00861754 0.0148263 0.0129288
5 0.00642397 0.0058858 0.00836964 0.0314676 0.86793 0.00921912 0.0150817 0.0111329 0.00918087 0.018884 0.0164242
5 0.00636552 0.00733202 0.00591217 0.00568502 0.916391 0.00802023 0.00503905 0.0117109 0.00589114 0.0154208 0.0122318
5 0.00405064 0.0136035 0.00661507 0.0102586 0.884187 0.0135275 0.00783878 0.00860615 0.0041274 0.0189459 0.028239
5 0.00547232 0.0151239 0.00698382 0.00574033 0.900403 0.0130751 0.00698566 0.00981036 0.00460285 0.0143937 0.0174094
5 0.00656662 0.0154745 0.00728276 0.00582632 0.894468 0.0123589 0.00745778 0.0128563 0.0054951 0.0152754 0.0169386
5 0.00474176 0.0147845 0.00577257 0.00733733 0.891422 0.0116205 0.00667746 0.0084146 0.00413237 0.0208887 0.0242083
5 0.00632076 0.014966 0.00645797 0.00951071 0.874139 0.0149198 0.0108316 0.0115368 0.00481758 0.0157998 0.0307005
5 0.00706637 0.00253836 0.00388667 0.0275562 0.908743 0.00712013 0.0153536 0.00786856 0.00487769 0.0088762 0.00611303
6 0.00950997 0.0124985 0.0106993 0.0187974 0.00964274 0.882417 0.00785842 0.0123016 0.017419 0.0123326 0.00652347
6 0.0111363 0.0129997 0.00899896 0.0163447 0.00979649 0.880878 0.00784058 0.0130058 0.0175081 0.0140172 0.0074745
6 0.0101359 0.0107 0.00894539 0.00752803 0.00629924 0.901828 0.00264461 0.0106881 0.00938136 0.0267883 0.00506108
6 0.0102165 0.00940002 0.00787009 0.0154193 0.00766378 0.89766 0.00471049 0.0103707 0.0165142 0.0128203 0.00735429
6 0.0113331 0.013973 0.0100048 0.0103644 0.0091919 0.89057 0.00636682 0.0131576 0.015642 0.0110217 0.00837457
6 0.0106325 0.0178251 0.00958007 0.00836417 0.00615289 0.898838 0.00412813 0.0119933 0.0114423 0.0156155 0.00542774
6 0.00918806 0.0173217 0.00907072 0.00684218 0.00738845 0.899135 0.00382514 0.00978961 0.0091284 0.021138 0.00717268
6 0.00737023 0.0217872 0.010093 0.00793116 0.0063372 0.892844 0.00329733 0.00852119 0.0084655 0.019547 0.0138058
6 0.00936568 0.0100243 0.0080982 0.0115645 0.00686926 0.913832 0.00450579 0.0107028 0.0115725 0.00829332 0.0051715
6 0.00629613 0.00743735 0.00299151 0.00986041 0.00270762 0.945778 0.00398902 0.00528397 0.00432518 0.00424303 0.00708787
6 0.00787908 0.00722675 0.00318597 0.0120401 0.00297204 0.937759 0.00346874 0.00649761 0.00511131 0.00529913 0.00856063
6 0.00769872 0.00908008 0.00472242 0.0125829 0.00394422 0.932199 0.00483275 0.00752211 0.00513962 0.00524807 0.00702965
6 0.00454823 0.0146389 0.00376177 0.00575777 0.00206938 0.946939 0.00201128 0.00448749 0.00508073 0.00770858 0.00299674
6 0.00514064 0.0119982 0.00298543 0.00691708 0.00215336 0.943553 0.00206132 0.00476226 0.0067272 0.0105412 0.00315994
6 0.00578464 0.00978685 0.00350475 0.00700689 0.00245617 0.93906 0.00206582 0.00547403 0.00840232 0.0131606 0.00329781
6 0.00578498 0.0166846 0.00613759 0.00530725 0.00371175 0.928533 0.00232322 0.00609114 0.00556866 0.0154011 0.00445691
6 0.0041616 0.0515727 0.00536888 0.00396575 0.00208033 0.905311 0.00165756 0.00457449 0.00403898 0.0121754 0.00509295
6 0.00503365 0.0121881 0.00264795 0.0073497 0.00173195 0.951344 0.00230364 0.0037944 0.0054588 0.00437247 0.00377572
6 0.00578204 0.0125118 0.00352497 0.00958168 0.00226596 0.941829 0.00289434 0.00526702 0.00687543 0.00573809 0.00372969
6 0.00639734 0.00790174 0.00361106 0.0106746 0.00314274 0.941322 0.00266886 0.00504142 0.00605975 0.0068423 0.00633814
6 0.011759 0.0168844 0.0133122 0.0116387 0.0137975 0.864611 0.00820553 0.0146037 0.0146605 0.0156072 0.0149206
6 0.00834227 0.0102816 0.00930499 0.00971296 0.0070778 0.915062 0.00415264 0.00919791 0.0105707 0.00853234 0.00776526
6 0.0134843 0.0117582 0.0198983 0.0203859 0.0121688 0.848298 0.0065349 0.02012 0.0288123 0.012799 0.00574029
6 0.00793164 0.0118567 0.0130428 0.0122179 0.00618958 0.908817 0.00437853 0.0108659 0.0123823 0.00695874 0.00535912
6 0.00567557 0.0115972 0.00732781 0.00855741 0.00375279 0.934852 0.00304394 0.00650652 0.00799217 0.00544951 0.00524495
6 0.0085634 0.0124902 0.0100828 0.0103186 0.00633348 0.910655 0.00435735 0.0102002 0.014014 0.00759527 0.00538965
6 0.0089513 0.0122208 0.00683848 0.00798034 0.00570684 0.91844 0.00397905 0.0093878 0.0124916 0.00809156 0.00591241
6 0.00927385 0.0143284 0.0111183 0.0112902 0.0091489 0.896192 0.00596322 0.0121041 0.0136536 0.010082 0.00684561
6 0.00444272 0.0109343 0.00605187 0.0151871 0.00270678 0.931997 0.00557907 0.00407203 0.00779687 0.00406878 0.00716373
6 0.00236551 0.0115893 0.00147326 0.00603139 0.000930051 0.964292 0.00340288 0.00153613 0.00213112 0.00170675 0.0045416
6 0.00531152 0.0112822 0.00766444 0.0199971 0.00362207 0.915475 0.00658643 0.00574023 0.0117014 0.00586487 0.00675508
6 0.00888133 0.0106512 0.0105045 0.024582 0.00665997 0.880616 0.00785762 0.0102869 0.0240047 0.010149 0.00580665
6 0.00669216 0.0131827 0.00947565 0.0183714 0.00421124 0.901117 0.00633527 0.00758611 0.0163547 0.00710294 0.00957105
6 0.00703307 0.258962 0.0109042 0.0119523 0.00420866 0.617845 0.00272721 0.0159909 0.0165701 0.0429922 0.0108146
6 0.0021863 0.013249 0.00171777 0.00772362 0.00141498 0.952864 0.00561134 0.00156083 0.00194378 0.00185854 0.00986993
6 0.00312136 0.0107544 0.00267228 0.0124697 0.00344748 0.922223 0.0164322 0.00275704 0.0025546 0.00249167 0.0210766
6 0.00315111 0.0175584 0.00238792 0.00968898 0.00463597 0.90422 0.0155574 0.00327576 0.00276184 0.00324209 0.0335208
2 0.00547374 0.60181 0.00871781 0.00639455 0.00384289 0.303496 0.00213001 0.0100716 0.00567218 0.029709 0.0226822
6 0.0182868 0.0265047 0.0385013 0.0252616 0.024482 0.729158 0.00940345 0.0294941 0.0473225 0.0249109 0.0266746
6 0.00341088 0.0354535 0.00261788 0.0102912 0.0075351 0.868899 0.0147449 0.00376199 0.00332905 0.00495529 0.0450016
6 0.00533574 0.0405816 0.00786227 0.016808 0.00931154 0.860677 0.0108358 0.00615165 0.0053967 0.00781481 0.0292252
6 0.00438642 0.0159472 0.00773638 0.0162811 0.00555194 0.890617 0.0186345 0.00517307 0.00505813 0.00394138 0.0266731
6 0.00834108 0.305856 0.0182951 0.0118024 0.00846473 0.519321 0.00313093 0.0167748 0.0102779 0.0611489 0.0365877
6 0.00230452 0.01218 0.00174343 0.00696029 0.00127964 0.95259 0.00544591 0.00183024 0.00200592 0.0016918 0.0119681
6 0.0033895 0.0101197 0.00136256 0.0114219 0.00229997 0.915097 0.0192952 0.00289735 0.00400744 0.00363617 0.0264735
6 0.00279876 0.0095744 0.00122881 0.00780216 0.00174897 0.943649 0.014423 0.00231006 0.00290801 0.00230242 0.0112548
6 0.0289937 0.0352254 0.0111456 0.00622564 0.00788729 0.733424 0.00399478 0.0552904 0.0355557 0.0234631 0.0587942
6 0.00255783 0.0094504 0.00107988 0.00593776 0.0015764 0.95371 0.010526 0.00206581 0.00233553 0.00204309 0.00871774
11 0.00518756 0.0497597 0.00378773 0.049244 0.0171479 0.259755 0.104909 0.00711459 0.00631697 0.0182139 0.478563
6 0.00345378 0.0122938 0.00233914 0.0111628 0.00207967 0.938276 0.0116571 0.00276109 0.0037168 0.00266204 0.00959777
7 0.00478735 0.0072608 0.00637728 0.0295483 0.00772525 0.00871637 0.90234 0.00574206 0.00751047 0.00448516 0.0155073
7 0.00540072 0.00746007 0.00867738 0.0298596 0.0106787 0.0181836 0.887272 0.00594595 0.0084693 0.00448292 0.0135696
7 0.00326285 0.0036977 0.00278622 0.00570626 0.00314527 0.00593789 0.961694 0.00317695 0.00363674 0.00219651 0.00475992
7 0.00442498 0.00420473 0.00245564 0.00596595 0.00310369 0.00828359 0.953137 0.00443754 0.00496821 0.00256417 0.00645442
7 0.00623807 0.00463078 0.00335858 0.00835407 0.00520659 0.0088937 0.938875 0.00628816 0.00678485 0.00346933 0.00790054
7 0.00610675 0.0043294 0.00321557 0.00749444 0.00501236 0.00805812 0.942427 0.00639475 0.00680884 0.00331415 0.00683855
7 0.00614046 0.00443389 0.00341753 0.00808652 0.00536013 0.00861044 0.94019 0.00621098 0.00666266 0.00344365 0.00744416
7 0.00568652 0.00854643 0.0148467 0.201516 0.01844 0.0105221 0.69771 0.00902084 0.00938904 0.0067492 0.0175732
7 0.00222415 0.00336997 0.00268969 0.00298522 0.00186385 0.00427729 0.973153 0.00225091 0.00242655 0.00161455 0.00314479
7 0.00279967 0.00474703 0.0031589 0.00803179 0.00314249 0.0150192 0.940786 0.00298122 0.00345939 0.00249695 0.0133774
7 0.00257061 0.00523393 0.0066144 0.0232275 0.00512966 0.00398326 0.93662 0.00391518 0.00337007 0.00298707 0.00634838
7 0.0121481 0.0119058 0.0168191 0.0289932 0.0359292 0.0211166 0.811359 0.0167075 0.0145597 0.0107881 0.019674
7 0.0108534 0.0114885 0.0131201 0.0267442 0.0225236 0.0211068 0.83319 0.0142403 0.0134258 0.00909137 0.0242163
7 0.00940203 0.00945665 0.0129065 0.0295657 0.0196455 0.0204228 0.849367 0.0121074 0.010815 0.00713075 0.0191808
7 0.00310546 0.00259921 0.00316946 0.00644501 0.00362175 0.00373721 0.964834 0.00355082 0.00370953 0.00195576 0.00327163
7 0.00290148 0.00474068 0.00612433 0.0188697 0.00557766 0.00588758 0.939383 0.00422916 0.00377709 0.00265493 0.00585437
7 0.00245966 0.00625486 0.00547101 0.0122929 0.00404143 0.00571415 0.94412 0.00362716 0.003532 0.00291037 0.00957632
7 0.00284935 0.00263246 0.00237098 0.0127663 0.00470893 0.00520282 0.956607 0.0028519 0.00363783 0.00229222 0.0040806
7 0.00368722 0.00410425 0.0027818 0.0145144 0.00764924 0.0114891 0.927963 0.0042063 0.00551744 0.00368411 0.0144036
7 0.00291497 0.00578312 0.00315458 0.0141346 0.00576457 0.023665 0.915429 0.00325848 0.00416251 0.00323068 0.0185022
7 0.00660078 0.0138172 0.00549907 0.0668213 0.0298495 0.0643497 0.690696 0.00898219 0.00975173 0.00962282 0.0940093
7 0.00285307 0.00299678 0.00201468 0.00985847 0.00337139 0.00559648 0.957397 0.00298268 0.0039027 0.00239828 0.00662799
7 0.00312308 0.00276349 0.00280167 0.0117962 0.00471212 0.00435967 0.955777 0.00363597 0.00436922 0.00237196 0.00428958
7 0.00243352 0.00337958 0.00243907 0.00667643 0.00248632 0.00394714 0.965191 0.00299838 0.00303765 0.00210253 0.0053085
7 0.0026649 0.00274308 0.00290576 0.00819999 0.00324775 0.0039092 0.964356 0.00294425 0.00353258 0.00189642 0.00359969
7 0.00320734 0.0024327 0.00270808 0.00911332 0.00399834 0.00402205 0.960986 0.00336402 0.00442362 0.00212155 0.00362299
7 0.00279907 0.00240387 0.00230157 0.00682009 0.00297913 0.00348308 0.967325 0.00296135 0.00368197 0.00191679 0.00332819
7 0.00396119 0.00834372 0.00414165 0.0360718 0.00725206 0.017026 0.890169 0.00412024 0.00560966 0.0047024 0.0186024
7 0.00336135 0.00261942 0.00318655 0.014386 0.00598227 0.00415276 0.951715 0.00369136 0.00469945 0.00239575 0.00380989
7 0.00402934 0.00277585 0.00377942 0.0152438 0.00779606 0.00417794 0.943787 0.00474356 0.00607088 0.00284597 0.00475052
7 0.0056191 0.0103211 0.00551969 0.0471475 0.0184772 0.0434356 0.811742 0.00693102 0.00717523 0.00728497 0.0363465
7 0.00344461 0.00317555 0.00294938 0.0196275 0.00744675 0.00552878 0.940005 0.00381316 0.00499276 0.00302979 0.00598678
7 0.00290641 0.00329437 0.0027482 0.00980444 0.00394755 0.0048625 0.955646 0.00334795 0.00377676 0.00260075 0.00706478
7 0.0032324 0.00291713 0.00251812 0.012751 0.00581344 0.00585586 0.950941 0.00337302 0.00475419 0.00267054 0.00517358
7 0.00444377 0.0103714 0.0047515 0.0382747 0.0125424 0.030068 0.811735 0.00539725 0.0069526 0.00613894 0.069324
7 0.00530273 0.00581937 0.00612386 0.12152 0.021983 0.00925522 0.790903 0.00720544 0.00799882 0.00656203 0.0173262
7 0.00345733 0.00336572 0.00367815 0.0207844 0.00631015 0.0050409 0.938347 0.00409101 0.00503531 0.00308874 0.00680093
7 0.00612478 0.00964225 0.00564788 0.156561 0.0232617 0.0217911 0.713665 0.00684143 0.0117477 0.0092833 0.0354338
7 0.00433688 0.00277598 0.00438732 0.0350384 0.0123037 0.00440201 0.916789 0.00533288 0.00641487 0.00321696 0.00500163
7 0.00265781 0.0021378 0.00169114 0.00422145 0.00213085 0.00333672 0.972384 0.00268563 0.00352581 0.00180849 0.00342019
7 0.00409101 0.00497846 0.00423261 0.0201586 0.0114274 0.00806688 0.914534 0.00527043 0.00673745 0.00459387 0.0159096
7 0.00351063 0.0041795 0.00182396 0.0221453 0.0032561 0.0166928 0.930931 0.00356902 0.00372537 0.00258535 0.00758146
