labels 0 1 2 3 4 5
0 0.895365 0.0238698 0.0364596 0.0134117 0.0211076 0.00978649
0 0.872757 0.0294767 0.0373011 0.0169548 0.0289567 0.0145532
0 0.623169 0.118115 0.125168 0.0500558 0.0599758 0.0235167
2 0.249776 0.177846 0.351758 0.0734965 0.0967074 0.0504166
0 0.286131 0.248103 0.167833 0.114116 0.118149 0.0656692
1 0.157578 0.361473 0.286124 0.0599926 0.0885443 0.0462881
1 0.0279842 0.727176 0.116779 0.0418657 0.0575499 0.0286451
1 0.0363772 0.482653 0.237832 0.130029 0.080057 0.0330525
1 0.015006 0.875765 0.0437047 0.0152389 0.0222482 0.0280371
3 0.0127807 0.119971 0.328669 0.39573 0.109618 0.0332309
1 0.0182991 0.834114 0.0656774 0.0259076 0.0359671 0.0200347
4 0.0427857 0.0427561 0.217859 0.2205 0.313978 0.162121
2 0.0269405 0.0676493 0.563282 0.1108 0.0806794 0.150649
4 0.0396783 0.0697686 0.151643 0.23202 0.302219 0.20467
2 0.00861634 0.0924597 0.793894 0.0487605 0.0341496 0.0221201
2 0.0133762 0.235545 0.455591 0.196231 0.0727284 0.0265282
2 0.0156217 0.104889 0.377571 0.226592 0.135049 0.140278
2 0.0337459 0.279241 0.408822 0.108963 0.108379 0.0608484
3 0.0173269 0.0838742 0.0665228 0.635391 0.14926 0.0476241
4 0.0481532 0.15751 0.118161 0.209357 0.395527 0.0712913
5 0.0143505 0.105117 0.195679 0.155944 0.218395 0.310516
3 0.0145519 0.0715249 0.206412 0.327059 0.115677 0.264775
2 0.0394815 0.0977722 0.349932 0.228391 0.206694 0.0777285
3 0.00861597 0.0456497 0.0775369 0.641328 0.196022 0.0308471
5 0.0159563 0.0807193 0.17949 0.239739 0.1982 0.285895
3 0.0225159 0.0752709 0.195487 0.270551 0.251751 0.184425
4 0.0350627 0.0424053 0.0835431 0.147833 0.629621 0.0615345
5 0.0372838 0.076335 0.0813659 0.18198 0.279058 0.343977
4 0.014028 0.113104 0.0449586 0.169308 0.631663 0.0269389
4 0.0177845 0.0810638 0.041171 0.246318 0.579621 0.0340422
5 0.00714675 0.0100449 0.0292901 0.0119636 0.0107346 0.93082
5 0.0150896 0.0279215 0.0334363 0.226775 0.143716 0.553061
5 0.0125607 0.0425801 0.101459 0.117524 0.0691464 0.656729
5 0.0129417 0.018167 0.0503382 0.0664177 0.0340922 0.818043
5 0.0251248 0.0837348 0.186667 0.144504 0.142385 0.417584
5 0.0258914 0.0658195 0.200838 0.20955 0.0865382 0.411363
