labels 0 1 2 3 4 5
0 0.470714 0.226284 0.126291 0.0553697 0.0687943 0.052547
0 0.842195 0.0466856 0.0506758 0.0169209 0.0299117 0.0136112
0 0.781712 0.0758553 0.0760415 0.0272084 0.0255168 0.0136658
1 0.0263469 0.824154 0.0759954 0.026136 0.0234703 0.0238974
2 0.0222285 0.201103 0.260457 0.227679 0.173699 0.114833
1 0.021945 0.822644 0.0819711 0.0216556 0.0163713 0.0354131
2 0.0189386 0.111382 0.326445 0.238923 0.153397 0.150914
2 0.0183227 0.144275 0.286165 0.260967 0.154137 0.136134
2 0.0104858 0.159615 0.655679 0.104821 0.0354231 0.0339756
2 0.0461552 0.162749 0.357623 0.225835 0.149281 0.0583573
4 0.016861 0.187315 0.0889764 0.193001 0.42011 0.0937373
5 0.0133244 0.105442 0.199455 0.153817 0.223723 0.304238
4 0.0144519 0.144935 0.0490918 0.102776 0.653268 0.0354776
4 0.0164356 0.0376335 0.0450713 0.0933453 0.693971 0.113544
4 0.0322977 0.0423847 0.0991526 0.136334 0.621595 0.0682358
5 0.0189827 0.0473568 0.0758223 0.0497316 0.0939563 0.71415
5 0.012249 0.0273824 0.202031 0.0932789 0.0489028 0.616156
5 0.0128447 0.0379283 0.0792373 0.111957 0.118999 0.639034
